9.12885e-09 -3.17627e-09 0
5.01142e-08 2.53406e-08 1
-7.02826e-10 -1.85708e-08 0
4.36006e-08 2.36216e-08 0
2.12314e-08 1.03906e-09 0
-2.52326e-09 -6.002e-09 0
1.68123e-08 5.92182e-09 0
8.78245e-09 -1.28002e-08 0
2.3145e-08 1.88074e-08 0
9.90667e-10 2.0198e-08 1
1.26696e-08 1.8068e-08 0
1.43058e-08 2.77113e-08 1
8.91355e-09 6.44939e-09 0
9.54088e-10 -4.52215e-09 0
8.07717e-09 9.11229e-09 1
3.61808e-09 1.69e-09 0
-2.95434e-09 2.6364e-08 1
6.83994e-09 3.49622e-08 0
1.72569e-08 -8.85525e-09 0
1.06061e-08 2.33717e-08 0
1.29779e-08 1.70924e-08 1
7.41272e-09 1.55117e-09 0
-1.48409e-09 2.43739e-08 0
1.40208e-08 3.09287e-08 0
2.81231e-08 1.25289e-08 0
2.08377e-08 2.2958e-08 0
1.32157e-08 1.05778e-08 0
2.7313e-08 7.0734e-09 0
2.71493e-08 -4.64041e-09 0
2.45945e-09 7.01012e-09 0
1.27938e-08 -6.09123e-10 0
2.11817e-08 -8.00153e-09 0
2.05164e-08 2.08057e-09 0
-1.1735e-08 2.39804e-08 0
9.56417e-09 2.13786e-08 0
5.0707e-09 8.67133e-09 1
-5.51157e-09 8.7895e-09 0
-5.33346e-10 6.651e-09 0
1.10732e-08 -1.13534e-08 0
-2.33277e-09 -5.33633e-10 0
3.33388e-09 1.60046e-08 1
1.31898e-08 2.32258e-08 0
3.0274e-09 2.06676e-08 0
8.85044e-09 1.85398e-08 0
3.15362e-09 2.29422e-09 0
2.15819e-09 5.13152e-09 0
1.14817e-08 3.51439e-08 0
1.22661e-08 2.92256e-09 0
1.43893e-08 -3.45255e-08 0
1.32805e-08 2.39948e-08 1
1.60394e-08 -4.9708e-09 0
2.13635e-08 2.44079e-08 1
-2.19371e-08 -5.69521e-09 0
2.64344e-08 6.41129e-09 0
4.01169e-09 5.5032e-10 0
1.51975e-08 1.16122e-08 0
3.52856e-08 2.33618e-08 0
4.53808e-09 1.17349e-08 0
6.30135e-09 5.72427e-09 0
-1.85036e-09 8.25035e-09 0
2.87865e-08 1.12372e-08 0
9.33873e-09 1.20531e-08 0
1.88265e-08 6.52293e-09 0
1.77705e-08 2.64103e-08 0
2.32459e-08 2.10217e-08 0
4.27149e-09 1.35414e-08 0
1.77666e-08 2.22155e-08 0
3.87036e-09 7.92862e-09 0
-2.25756e-09 4.46104e-08 0
9.6249e-09 -1.29781e-09 0
5.1554e-09 1.23856e-08 0
7.38245e-09 -7.44185e-09 0
1.06188e-08 4.83099e-09 0
6.50209e-09 5.13289e-09 0
1.41055e-08 9.75777e-09 0
-6.12212e-10 4.19553e-08 0
-1.13808e-08 3.1272e-08 0
-1.29199e-08 4.48951e-08 0
1.07988e-08 3.821e-09 0
-8.64227e-09 3.20253e-08 0
1.66683e-08 3.48901e-08 0
2.83851e-09 1.70078e-08 0
9.2883e-09 3.86646e-09 0
4.34707e-09 -5.9755e-09 0
-4.31587e-09 9.19121e-10 0
2.64388e-08 -7.17267e-09 0
1.78472e-08 2.18803e-08 0
1.25315e-09 1.92565e-08 0
6.6165e-09 -1.72956e-09 0
1.0983e-08 2.45242e-09 0
2.27778e-09 2.39344e-09 0
9.9187e-09 -2.4326e-09 0
2.29566e-08 5.4956e-10 1
3.81197e-08 1.91972e-08 0
1.16569e-08 1.40582e-08 1
4.69974e-10 8.44796e-09 0
2.9588e-08 1.4464e-08 0
-2.57438e-09 -5.25673e-09 0
1.28655e-08 3.16391e-08 0
1.48461e-08 2.44873e-08 0
-0.274923 -3.5938 1
0.206938 0.461502 0
4.37194 0.383653 0
9.44937 -0.144663 0
5.61124 -0.15679 0
1.2687 -2.10824 0
2.48856 5.24302 1
3.12757 -1.67259 1
1.22088 -4.3575 0
0.582412 1.45755 0
2.28635 -1.61479 1
4.57626 -2.72273 0
0.206938 0.461502 0
1.22088 -4.3575 0
6.75277 -0.628298 0
1.1077 -3.38206 0
2.60439 3.05662 0
2.66794 -1.2904 1
-1.86118 -1.06495 1
-0.223463 0.601633 0
2.3297 -0.428141 0
-0.25735 -2.25222 0
0.786728 1.35524 0
1.1077 -3.38206 0
12.0242 0.914608 0
3.07071 4.47763 0
0.674057 -1.96326 0
1.48487 4.61755 1
0.674057 -1.96326 0
0.786728 1.35524 0
3.12757 -1.67259 1
1.20264 -0.904032 0
12.3518 1.23909 0
0.408883 2.24576 0
2.3297 -0.428141 0
12.3135 1.40266 0
0.0830978 -2.0388 1
9.6593 -0.317578 0
0.0785016 -2.10646 1
2.68179 1.01309 1
0.263458 0.462321 0
0.705493 -2.81615 0
4.51346 -2.88491 0
2.66794 -1.2904 1
-0.481853 -2.62374 0
1.3957 -2.16775 0
10.7976 2.20043 0
0.0830978 -2.0388 1
5.26357 -2.70656 0
0.164578 -2.30381 0
6.86047 -0.469052 0
6.57742 -0.886769 0
4.83128 -0.221923 0
0.164578 -2.30381 0
11.8845 0.907916 0
1.3957 -2.16775 0
1.63006 -2.95914 0
3.80174 -6.31656 0
11.8845 0.907916 0
-0.203991 -6.22965 1
12.0912 0.958252 0
2.60022 2.86179 0
0.262603 0.42976 0
-0.25735 -2.25222 0
-0.215959 -3.62709 1
3.27478 0.573185 0
4.59363 -3.64498 0
-0.274923 -3.5938 1
0.182288 -2.45723 0
1.60899 -2.87074 0
4.30087 0.627423 0
-0.741823 0.104081 0
5.26357 -2.70656 0
-0.238133 0.944684 0
1.81624 4.90473 1
5.18282 -2.93448 0
6.52193 -1.58466 0
0.581416 1.46991 0
9.53936 -0.147979 0
0.182288 -2.45723 0
6.75277 -0.628298 0
-0.238133 0.944684 0
-0.0717752 -1.93074 1
2.346 -1.55814 1
5.61124 -0.15679 0
2.19784 -0.217372 0
2.55056 -1.5909 1
4.57626 -2.72273 0
-0.12154 0.314887 0
7.09479 -0.816925 0
3.86498 -6.45843 0
2.73407 0.92518 1
3.86498 -6.45843 0
-0.481853 -2.62374 0
0.408883 2.24576 0
2.73407 0.92518 1
12.2883 1.38901 0
1.45234 -0.875387 0
1.38148 -2.23581 0
1.25534 -3.2188 0
1.05073e-08 5.06123e-09 0
6.98242e-09 8.33686e-09 1
1.09603e-08 6.00637e-09 0
1.16249e-08 8.35572e-09 0
8.57663e-09 3.31518e-09 0
1.04694e-08 4.68683e-09 0
8.58175e-09 4.02394e-09 0
9.1199e-09 7.42643e-09 0
8.34991e-09 5.42687e-09 0
1.06121e-08 7.73005e-09 0
9.0647e-09 1.00863e-08 0
8.34238e-09 6.27413e-09 0
1.94275e-08 1.08734e-08 0
6.88248e-09 8.66589e-09 1
8.20743e-09 7.03363e-09 0
1.05073e-08 5.06123e-09 0
1.15298e-08 5.99457e-09 0
8.39924e-09 6.81385e-09 0
1.46762e-08 6.67145e-09 1
1.15889e-08 5.84347e-09 0
8.57663e-09 3.31518e-09 0
8.21793e-09 4.67947e-09 0
8.34991e-09 5.42687e-09 0
8.53008e-09 6.72694e-09 0
8.84151e-09 3.32851e-09 0
8.81264e-09 4.70516e-09 0
1.59887e-08 9.67657e-09 0
1.40244e-08 7.86879e-09 0
1.00932e-08 8.13155e-09 0
8.21793e-09 4.67947e-09 0
8.58926e-09 4.62577e-09 0
9.45927e-09 4.65904e-09 0
6.98564e-09 8.81539e-09 1
8.92164e-09 4.46563e-09 1
1.03729e-08 5.27528e-09 0
1.50043e-08 6.97742e-09 1
8.35814e-09 5.75963e-09 1
9.1199e-09 7.42643e-09 0
1.40244e-08 7.86879e-09 0
8.73241e-09 4.11738e-09 0
1.06949e-08 1.07178e-08 1
9.45207e-09 7.24732e-09 0
1.53045e-08 1.1345e-08 0
9.37e-09 1.05085e-08 0
1.1112e-08 6.56184e-09 0
1.12845e-08 4.83812e-09 0
1.23268e-08 4.67098e-09 0
1.10418e-08 7.71597e-09 0
8.91381e-09 9.3606e-09 0
9.20678e-09 9.12122e-09 0
1.11833e-08 7.96928e-09 0
8.92164e-09 4.46563e-09 1
8.35814e-09 5.75963e-09 1
6.88248e-09 8.66589e-09 1
1.15305e-08 8.14574e-09 0
7.85418e-09 7.86595e-09 1
9.24134e-09 6.15471e-09 0
6.98242e-09 8.33686e-09 1
8.66606e-09 6.93496e-09 0
8.73241e-09 4.11738e-09 0
8.34238e-09 6.27413e-09 0
1.47061e-08 1.06195e-08 0
1.12845e-08 4.83812e-09 0
1.51331e-08 1.22801e-08 0
1.91697e-08 1.03054e-08 0
1.33524e-08 5.12589e-09 0
8.48821e-09 4.85645e-09 0
8.81264e-09 4.70516e-09 0
1.17297e-08 5.30749e-09 0
8.41911e-09 9.5669e-09 0
1.21858e-08 1.08496e-08 1
8.62393e-09 8.84304e-09 0
1.23242e-08 1.00207e-08 0
9.37e-09 1.05085e-08 0
1.35341e-08 5.18092e-09 0
9.00651e-09 8.98582e-09 0
1.50043e-08 6.97742e-09 1
1.15305e-08 8.14574e-09 0
1.10418e-08 7.71597e-09 0
9.00651e-09 8.98582e-09 0
8.41911e-09 9.5669e-09 0
1.17297e-08 5.30749e-09 0
9.23007e-09 5.87118e-09 1
8.53662e-09 5.48497e-09 0
9.53089e-09 1.01987e-08 0
8.02554e-09 7.6698e-09 0
9.16661e-09 3.87429e-09 0
1.94275e-08 1.08734e-08 0
7.19832e-09 5.97547e-09 1
9.10145e-09 6.13436e-09 0
9.23007e-09 5.87118e-09 1
1.04694e-08 4.68683e-09 0
9.75863e-09 7.91043e-09 0
1.3272e-08 5.54612e-09 0
1.06648e-08 6.29202e-09 0
1.46562e-08 1.05727e-08 0
8.68183e-09 8.94855e-09 0
9.45207e-09 7.24732e-09 0
1.23268e-08 4.67098e-09 0
1.0818e-08 1.11768e-08 1
2.76404e-08 2.16225e-08 0
4.01939e-08 1.67622e-09 0
9.00666e-09 1.10901e-08 0
6.40224e-09 1.02318e-08 1
3.9106e-09 1.22751e-08 0
8.56756e-09 -1.42732e-10 0
-1.1295e-08 -1.94167e-08 1
8.61946e-09 -4.22479e-09 0
3.5524e-09 -1.47056e-08 1
7.64986e-09 2.99952e-08 0
4.0091e-08 1.37192e-08 0
8.50511e-09 -1.59672e-08 0
8.3104e-09 2.32967e-09 0
-3.74441e-09 3.42072e-08 0
2.99222e-08 3.22289e-08 0
3.79894e-09 4.91396e-08 0
3.50804e-09 9.58888e-09 0
-4.00333e-09 1.89512e-08 1
4.06421e-09 -1.51182e-08 0
8.82743e-09 7.18411e-09 0
7.8544e-09 1.90796e-09 0
2.38031e-08 1.24074e-08 0
3.86135e-08 2.51497e-09 0
2.25144e-08 -1.03664e-09 0
1.49619e-08 1.06319e-08 0
3.26471e-09 1.57194e-08 0
1.11462e-08 7.07634e-09 1
2.48283e-08 5.24543e-09 0
1.84847e-08 2.8185e-08 0
3.64601e-08 1.14991e-08 0
1.32998e-08 2.73036e-08 0
8.89642e-09 -4.11138e-09 0
2.9068e-08 9.59373e-09 0
1.78061e-08 1.08156e-08 1
1.72768e-08 -2.67708e-09 0
-3.71585e-09 2.92399e-08 0
1.73365e-08 4.36796e-08 0
2.90006e-08 1.85552e-09 0
1.17842e-08 1.1386e-08 1
-3.38814e-09 3.62098e-08 0
6.5008e-09 1.57948e-08 0
1.26031e-08 1.22941e-08 1
1.05895e-09 6.65079e-11 0
2.87729e-08 -7.42622e-09 0
3.65569e-08 2.66071e-08 1
3.73294e-08 -1.03272e-08 0
-4.20628e-10 -1.31768e-08 0
5.02196e-08 -5.60446e-09 0
1.8676e-08 7.07529e-09 0
1.05516e-08 4.90027e-08 0
1.41516e-08 2.87839e-09 0
4.99499e-09 -2.61575e-09 0
2.07244e-08 2.04878e-08 0
1.82372e-08 6.3839e-09 0
1.46524e-08 -7.8155e-09 0
4.62902e-09 -2.5053e-08 1
8.61126e-09 -1.47803e-09 0
1.74562e-08 2.01461e-08 0
5.13559e-08 1.42716e-08 1
1.78986e-08 6.96327e-08 0
1.07627e-08 4.31969e-09 0
1.73782e-08 2.07028e-08 0
2.10188e-09 -3.92155e-09 0
2.05592e-08 1.59164e-08 0
9.80755e-09 1.02795e-08 0
5.51211e-09 3.35949e-10 0
1.6198e-08 1.63398e-08 0
2.36535e-08 2.52567e-08 0
4.89758e-09 1.56851e-09 1
-4.13201e-09 6.94287e-09 0
1.85757e-08 -9.21632e-09 0
-7.46713e-09 -4.04229e-09 0
2.19174e-08 2.098e-08 0
2.91406e-09 8.54524e-09 0
1.21198e-08 4.99504e-08 1
1.14295e-08 4.56594e-08 0
1.67891e-08 7.87834e-10 0
2.64229e-08 2.56011e-09 1
1.75493e-08 -2.04746e-09 0
1.25763e-08 -1.2187e-09 0
1.4464e-08 6.57315e-09 1
-7.11157e-10 6.64854e-09 0
1.735e-08 2.62056e-08 0
-2.32997e-08 3.01428e-08 0
-4.86329e-09 4.4806e-09 0
2.13815e-08 1.49721e-08 0
3.35613e-09 -7.50372e-10 0
1.38939e-08 2.34442e-08 1
-2.50373e-09 3.68073e-08 0
1.94075e-08 2.01192e-08 1
4.07066e-08 2.85557e-08 0
-8.14271e-09 5.7004e-09 1
8.39949e-09 2.16493e-08 0
9.39687e-09 1.53234e-08 0
-2.18442e-09 1.14251e-08 1
-8.93321e-09 1.38442e-08 0
4.27574e-08 -7.43736e-09 0
4.43255e-08 9.0115e-09 0
9.91974e-10 2.88831e-08 0
1.02711e-08 2.99452e-08 0
0.00124001 -0.00105142 0
0.00124002 -0.00105142 0
0.00124001 -0.00105142 0
0.00124001 -0.00105142 1
0.00124001 -0.00105142 1
0.00124001 -0.00105142 0
0.00124002 -0.00105142 0
0.00124002 -0.00105142 0
0.00124001 -0.00105142 1
0.00124001 -0.00105142 0
0.00124001 -0.00105142 0
0.00124002 -0.00105142 1
0.00124001 -0.00105143 0
0.00124001 -0.00105142 1
0.00124001 -0.00105142 0
0.00124001 -0.00105142 0
0.00124001 -0.00105142 1
0.00124001 -0.00105142 0
0.00124001 -0.00105142 0
0.00124002 -0.00105142 0
0.00124001 -0.00105142 0
0.00124001 -0.00105142 0
0.00124002 -0.00105142 0
0.00124001 -0.00105142 0
0.00124001 -0.00105142 0
0.00124001 -0.00105143 0
0.00124001 -0.00105142 0
0.00124002 -0.00105142 1
0.00124001 -0.00105142 0
0.00124001 -0.00105142 0
0.00124001 -0.00105142 0
0.00124001 -0.00105142 1
0.00124001 -0.00105142 0
0.00124002 -0.00105142 1
0.00124001 -0.00105142 0
0.00124001 -0.00105142 0
0.00124001 -0.00105142 0
0.00124001 -0.00105142 1
0.00124002 -0.00105142 0
0.00124001 -0.00105142 1
0.00124002 -0.00105142 0
0.00124001 -0.00105142 0
0.00124001 -0.00105142 0
0.00124001 -0.00105142 0
0.00124001 -0.00105142 0
0.00124002 -0.00105142 0
0.00124001 -0.00105142 0
0.00124001 -0.00105142 0
0.00124001 -0.00105142 0
0.00124001 -0.00105142 1
0.00124001 -0.00105143 0
0.00124001 -0.00105142 0
0.00124002 -0.00105142 1
0.00124002 -0.00105142 0
0.00124001 -0.00105143 0
0.00124001 -0.00105142 1
0.00124001 -0.00105142 1
0.00124002 -0.00105142 0
0.00124002 -0.00105142 1
0.00124001 -0.00105142 0
0.00124001 -0.00105143 0
0.00124001 -0.00105142 0
0.00124001 -0.00105143 0
0.00124001 -0.00105142 0
0.00124001 -0.00105142 0
0.00124002 -0.00105142 0
0.00124001 -0.00105142 1
0.00124002 -0.00105142 0
0.00124001 -0.00105142 0
0.00124001 -0.00105143 0
0.00124001 -0.00105142 0
0.00124001 -0.00105142 0
0.00124001 -0.00105142 0
0.00124001 -0.00105142 1
0.00124001 -0.00105142 0
0.00124001 -0.00105142 0
0.00124001 -0.00105142 0
0.00124001 -0.00105142 0
0.00124001 -0.00105142 0
0.00124002 -0.00105142 0
0.00124001 -0.00105142 0
0.00124001 -0.00105142 0
0.00124001 -0.00105142 0
0.00124001 -0.00105142 1
0.00124001 -0.00105142 0
0.00124001 -0.00105142 0
0.00124002 -0.00105142 0
0.00124001 -0.00105142 1
0.00124001 -0.00105142 0
0.00124001 -0.00105142 0
0.00124002 -0.00105142 0
0.00124001 -0.00105142 0
0.00124001 -0.00105142 0
0.00124001 -0.00105142 1
0.00124001 -0.00105142 0
0.00124001 -0.00105142 0
0.00124001 -0.00105142 0
0.00124001 -0.00105142 0
0.00124001 -0.00105142 0
0.00124001 -0.00105142 0
0.00124002 -0.00105141 0
0.00124001 -0.00105143 1
0.00124002 -0.00105143 0
0.00124002 -0.0010514 0
0.00124002 -0.00105142 1
0.00123999 -0.00105143 1
0.00123999 -0.00105141 0
0.00124003 -0.00105142 0
0.00124003 -0.00105141 0
0.00124001 -0.00105143 0
0.00124003 -0.0010514 0
0.00124003 -0.0010514 0
0.00124001 -0.00105141 0
0.00124003 -0.00105141 0
0.00124002 -0.00105146 0
0.00124005 -0.00105143 0
0.00123999 -0.00105139 1
0.00124001 -0.00105141 1
0.00124 -0.00105143 0
0.00124002 -0.00105143 0
0.00124001 -0.00105141 0
0.00124001 -0.00105142 1
0.00124004 -0.00105143 0
0.00124001 -0.00105142 0
0.00124001 -0.00105144 0
0.00124002 -0.00105144 0
0.00124 -0.00105141 0
0.00124003 -0.00105139 0
0.00124001 -0.00105141 0
0.00124002 -0.00105143 0
0.00123999 -0.00105143 1
0.00124003 -0.00105144 0
0.00124004 -0.0010514 1
0.00124 -0.00105139 1
0.00124 -0.0010514 0
0.00124002 -0.00105143 0
0.00124 -0.00105142 0
0.00124001 -0.00105136 0
0.00124001 -0.00105143 1
0.00124003 -0.00105141 0
0.00124002 -0.00105141 0
0.00124002 -0.00105145 0
0.00124001 -0.00105142 1
0.00123999 -0.00105144 0
0.00124003 -0.00105141 0
0.00124002 -0.00105143 0
0.00124 -0.00105142 0
0.00124 -0.00105142 1
0.00124003 -0.00105143 1
0.00123996 -0.0010514 0
0.00124003 -0.00105141 0
0.00124002 -0.00105141 0
0.00124002 -0.00105143 0
0.00124004 -0.00105139 0
0.00124001 -0.00105142 0
0.00124001 -0.00105143 0
0.00124 -0.00105142 0
0.00124 -0.00105143 0
0.00124001 -0.00105141 0
0.00124003 -0.00105141 0
0.00124001 -0.00105141 0
0.00123998 -0.00105144 0
0.00123999 -0.00105143 0
0.00124 -0.00105141 1
0.00124002 -0.00105143 0
0.00124003 -0.0010514 0
0.00124001 -0.00105142 1
0.00124002 -0.00105142 0
0.00124001 -0.00105141 0
0.00124001 -0.00105144 1
0.00123998 -0.00105143 0
0.00124001 -0.00105142 0
0.00124001 -0.00105141 1
0.00124003 -0.00105144 1
0.00124001 -0.0010514 0
0.00124002 -0.00105142 0
0.00124001 -0.00105141 1
0.00124001 -0.00105143 1
0.00124001 -0.00105142 0
0.00124002 -0.00105142 0
0.00124003 -0.00105141 0
0.00124001 -0.00105144 1
0.00124001 -0.00105143 1
0.00124001 -0.00105141 1
0.00124002 -0.00105141 1
0.00124002 -0.00105142 0
0.00124001 -0.00105143 0
0.00124003 -0.00105138 0
0.00123998 -0.00105143 0
0.00123999 -0.00105143 0
0.00124002 -0.00105144 0
0.00124003 -0.00105142 0
0.00124001 -0.00105143 1
0.00124001 -0.00105142 0
0.00124001 -0.00105143 0
0.00124001 -0.00105142 0
0.00124002 -0.00105141 0
0.00124 -0.00105141 0
0.00124003 -0.00105142 0
0.00124 -0.00105143 0
0.00335372 -0.00256706 0
0.00335372 -0.00256706 0
0.00335372 -0.00256706 0
0.00335372 -0.00256706 1
0.00335372 -0.00256706 1
0.00335373 -0.00256706 0
0.00335372 -0.00256706 0
0.00335373 -0.00256706 0
0.00335372 -0.00256706 0
0.00335373 -0.00256706 0
0.00335372 -0.00256706 0
0.00335372 -0.00256706 0
0.00335372 -0.00256706 0
0.00335372 -0.00256706 0
0.00335372 -0.00256706 0
0.00335372 -0.00256706 0
0.00335372 -0.00256706 1
0.00335372 -0.00256706 0
0.00335372 -0.00256706 1
0.00335372 -0.00256706 0
0.00335372 -0.00256706 0
0.00335372 -0.00256706 0
0.00335372 -0.00256706 1
0.00335373 -0.00256706 0
0.00335372 -0.00256706 1
0.00335372 -0.00256706 0
0.00335372 -0.00256706 0
0.00335372 -0.00256706 0
0.00335372 -0.00256706 0
0.00335372 -0.00256706 0
0.00335372 -0.00256706 1
0.00335372 -0.00256706 0
0.00335372 -0.00256706 0
0.00335373 -0.00256706 1
0.00335372 -0.00256706 0
0.00335372 -0.00256706 0
0.00335372 -0.00256707 0
0.00335372 -0.00256706 1
0.00335372 -0.00256706 0
0.00335372 -0.00256706 1
0.00335372 -0.00256706 1
0.00335372 -0.00256707 0
0.00335372 -0.00256707 0
0.00335373 -0.00256706 1
0.00335372 -0.00256706 0
0.00335372 -0.00256706 1
0.00335372 -0.00256706 0
0.00335372 -0.00256706 1
0.00335373 -0.00256706 0
0.00335372 -0.00256706 0
0.00335373 -0.00256706 0
0.00335372 -0.00256706 0
0.00335372 -0.00256706 1
0.00335372 -0.00256706 0
0.00335372 -0.00256706 1
0.00335372 -0.00256706 0
0.00335372 -0.00256706 1
0.00335372 -0.00256706 1
0.00335372 -0.00256706 1
0.00335373 -0.00256706 0
0.00335372 -0.00256706 0
0.00335372 -0.00256706 0
0.00335372 -0.00256706 1
0.00335372 -0.00256707 0
0.00335372 -0.00256706 0
0.00335372 -0.00256706 0
0.00335372 -0.00256706 0
0.00335372 -0.00256706 0
0.00335372 -0.00256706 1
0.00335373 -0.00256706 0
0.00335372 -0.00256706 0
0.00335372 -0.00256706 0
0.00335373 -0.00256706 0
0.00335372 -0.00256706 0
0.00335373 -0.00256706 0
0.00335372 -0.00256707 1
0.00335372 -0.00256706 0
0.00335372 -0.00256706 0
0.00335372 -0.00256706 0
0.00335372 -0.00256706 0
0.00335372 -0.00256706 1
0.00335372 -0.00256706 0
0.00335373 -0.00256706 0
0.00335373 -0.00256706 0
0.00335372 -0.00256706 0
0.00335372 -0.00256706 0
0.00335372 -0.00256706 0
0.00335372 -0.00256706 1
0.00335372 -0.00256706 0
0.00335372 -0.00256706 0
0.00335372 -0.00256706 0
0.00335372 -0.00256706 0
0.00335373 -0.00256706 0
0.00335372 -0.00256706 0
0.00335372 -0.00256706 0
0.00335372 -0.00256707 0
0.00335372 -0.00256706 0
0.00335372 -0.00256706 0
0.00335372 -0.00256706 0
0.00335372 -0.00256706 0
0.00335372 -0.00256706 0
0.00335372 -0.00256706 1
0.00335372 -0.00256706 0
0.00335372 -0.00256706 0
0.00335372 -0.00256707 1
0.00335372 -0.00256707 0
0.00335372 -0.00256706 0
0.00335372 -0.00256706 0
0.00335372 -0.00256706 0
0.00335372 -0.00256706 0
0.00335372 -0.00256706 1
0.00335372 -0.00256706 0
0.00335373 -0.00256706 0
0.00335372 -0.00256706 1
0.00335372 -0.00256707 0
0.00335372 -0.00256706 0
0.00335372 -0.00256706 0
0.00335372 -0.00256706 0
0.00335372 -0.00256706 1
0.00335373 -0.00256706 0
0.00335373 -0.00256706 0
0.00335372 -0.00256706 0
0.00335372 -0.00256706 0
0.00335372 -0.00256707 0
0.00335372 -0.00256706 1
0.00335373 -0.00256706 0
0.00335372 -0.00256707 0
0.00335372 -0.00256706 0
0.00335372 -0.00256706 1
0.00335373 -0.00256706 0
0.00335372 -0.00256706 0
0.00335372 -0.00256706 0
0.00335372 -0.00256706 0
0.00335372 -0.00256706 0
0.00335372 -0.00256706 0
0.00335372 -0.00256706 0
0.00335372 -0.00256706 0
0.00335372 -0.00256706 0
0.00335372 -0.00256706 0
0.00335372 -0.00256706 0
0.00335372 -0.00256706 0
0.00335372 -0.00256706 0
0.00335373 -0.00256706 1
0.00335372 -0.00256706 0
0.00335372 -0.00256707 0
0.00335372 -0.00256706 0
0.00335372 -0.00256706 1
0.00335372 -0.00256706 1
0.00335372 -0.00256706 0
0.00335372 -0.00256706 0
0.00335372 -0.00256706 0
0.00335372 -0.00256706 0
0.00335372 -0.00256706 0
0.00335373 -0.00256706 0
0.00335372 -0.00256706 0
0.00335373 -0.00256706 0
0.00335372 -0.00256706 0
0.00335372 -0.00256706 0
0.00335372 -0.00256706 1
0.00335373 -0.00256706 0
0.00335372 -0.00256706 1
0.00335373 -0.00256706 1
0.00335372 -0.00256706 0
0.00335373 -0.00256706 0
0.00335372 -0.00256706 0
0.00335372 -0.00256706 0
0.00335372 -0.00256706 0
0.00335372 -0.00256706 0
0.00335372 -0.00256706 0
0.00335372 -0.00256706 0
0.00335372 -0.00256706 0
0.00335372 -0.00256706 0
0.00335372 -0.00256706 0
0.00335372 -0.00256706 0
0.00335372 -0.00256706 0
0.00335372 -0.00256706 0
0.00335372 -0.00256706 0
0.00335372 -0.00256706 1
0.00335373 -0.00256706 1
0.00335372 -0.00256706 1
0.00335372 -0.00256706 0
0.00335372 -0.00256706 0
0.00335372 -0.00256706 0
0.00335372 -0.00256706 0
0.00335372 -0.00256706 0
0.00335373 -0.00256706 0
0.00335373 -0.00256706 0
0.00335373 -0.00256706 0
0.00335372 -0.00256707 0
0.00335373 -0.00256706 1
0.00335372 -0.00256706 0
0.00335373 -0.00256706 0
0.00335373 -0.00256706 0
0.00335373 -0.00256706 0
0.00335373 -0.00256706 0
0.00335372 -0.00256706 0
0.00335372 -0.00256706 0
0.00335372 -0.00256706 1
0.00335372 -0.00256706 0
0.00335372 -0.00256706 0
