-1.0076e-08 1.13797e-08 1
-2.77264e-08 3.57535e-08 0
-6.3257e-09 -6.24429e-10 0
-4.48703e-09 2.07674e-08 0
-2.35214e-08 2.44249e-08 0
-6.94705e-09 -9.95249e-09 1
-1.19453e-08 1.6733e-08 1
-1.09788e-08 -1.44697e-08 1
-2.74328e-08 4.84265e-09 1
-2.04251e-09 3.33123e-09 0
3.15812e-08 7.07007e-09 0
-1.37787e-08 -2.4433e-08 0
-4.41941e-09 4.36809e-09 0
3.94481e-09 3.14188e-09 0
3.55747e-09 -1.43849e-08 0
4.18706e-09 -1.42585e-08 1
4.92084e-10 3.82971e-09 0
-1.14381e-08 4.23308e-09 0
-1.15197e-08 6.37884e-10 0
-9.63857e-09 1.21167e-09 0
5.73813e-09 1.63982e-08 0
1.53493e-09 -4.69669e-12 0
7.53639e-09 8.6733e-09 0
-1.2792e-08 2.44687e-10 0
6.89726e-09 1.09578e-08 0
1.93929e-08 -3.022e-09 0
3.75862e-09 -8.94369e-09 0
2.42706e-09 2.56225e-08 1
1.06425e-08 -1.65725e-08 0
-3.81941e-08 5.55125e-09 0
1.48718e-08 -4.3645e-09 0
-8.17213e-09 1.08834e-08 0
3.64809e-09 -2.45097e-08 0
-2.95955e-08 1.25933e-08 0
-8.48182e-10 -2.66256e-08 0
7.4763e-09 -6.89124e-09 0
-1.51689e-08 1.81029e-09 0
1.96948e-09 -2.63506e-09 0
-2.5354e-08 -9.49351e-09 0
-7.28274e-09 1.93446e-09 0
-1.45615e-09 7.851e-09 0
-9.53726e-09 6.16726e-10 0
-2.28628e-08 -2.18618e-08 0
-2.77968e-08 3.46209e-08 0
-1.18816e-08 -4.04376e-09 0
-1.01629e-08 -2.07869e-08 0
4.10463e-09 3.19837e-09 1
1.99146e-08 -2.67762e-09 0
2.53002e-09 -1.98038e-09 1
-2.20203e-08 -1.22552e-08 0
-2.33321e-08 -1.2486e-08 0
-7.33418e-09 -2.4631e-09 0
-2.03021e-08 1.26456e-09 1
-1.86076e-08 3.85268e-09 1
-8.15696e-09 3.91169e-09 1
-2.24174e-08 1.59806e-08 0
-4.46221e-10 1.82086e-08 0
-5.92512e-09 3.09893e-09 0
-8.31572e-09 1.36307e-09 0
-1.24993e-08 -2.28979e-09 0
-6.41901e-09 -1.00385e-08 0
-1.0101e-08 -9.35466e-09 0
1.49914e-09 3.75413e-09 1
-1.22399e-08 -7.22983e-09 0
-1.81967e-08 2.43788e-08 0
-9.23168e-10 2.63856e-08 1
-2.98838e-08 1.81808e-08 0
-7.86225e-09 1.39801e-08 1
-2.72254e-08 -4.53749e-09 1
3.04189e-08 -3.11464e-08 0
2.10523e-09 -6.12901e-09 0
6.8968e-09 -1.75159e-09 0
8.08114e-10 -2.02604e-08 0
-1.32715e-08 -1.58243e-09 1
-1.61e-08 -2.26743e-08 0
2.8507e-09 7.48374e-10 0
-9.45746e-09 -3.71666e-08 1
-1.42242e-08 2.45906e-10 0
-1.3519e-08 -1.08068e-08 0
-1.25524e-08 -1.0334e-08 1
-2.19973e-09 -6.75722e-09 1
6.47415e-09 2.43722e-10 0
-7.2391e-09 8.9285e-09 0
9.85763e-09 -1.11853e-09 0
-5.56305e-09 1.93381e-08 0
5.94375e-09 5.52135e-09 0
-1.41701e-08 -2.08009e-08 0
-1.67596e-08 -2.99116e-09 0
-1.47641e-08 8.34053e-09 1
-6.85475e-09 5.66321e-09 1
-3.8811e-08 -1.1723e-08 1
-2.26299e-08 1.44334e-08 1
1.47376e-08 -4.40411e-09 0
-2.61528e-08 7.10906e-09 0
1.03837e-08 -1.86202e-08 0
9.32157e-09 -1.91203e-08 1
-1.4574e-08 3.851e-09 0
5.82835e-09 2.17622e-08 0
1.28955e-08 -3.62433e-09 0
-1.81099e-09 8.79255e-09 0
-2.60971 0.600176 0
-1.50707 -3.19251 0
-4.35929 0.428257 0
-3.22166 -7.16015 0
-3.37639 -2.34359 0
-1.91132 -0.0241269 0
-1.33378 -1.73776 0
-1.89158 1.26443 0
-4.49061 -1.02538 0
-3.28527 -2.52294 1
-4.0646 -1.79124 0
-3.90044 0.745216 0
-1.50707 -3.19251 0
-4.49061 -1.02538 0
-4.16919 -2.1378 0
-1.73398 0.259653 0
-1.8061 -1.10786 0
-1.77077 0.949782 0
-1.46943 0.54814 0
-2.2791 -2.0712 0
-4.35256 -1.84569 0
-4.92943 0.0807551 1
-3.18513 -2.7102 1
-1.73398 0.259653 0
-3.1383 -7.44521 0
-0.81226 -0.485596 1
-1.68203 -0.711031 0
-1.9198 -1.6975 0
-1.68203 -0.711031 0
-3.18513 -2.7102 1
-1.89158 1.26443 0
-1.67901 0.0619008 0
-5.13357 -8.42013 0
-1.67362 -1.82654 0
-4.35256 -1.84569 0
-5.00741 -8.51442 0
-3.25466 0.137791 0
-3.36561 -7.35427 0
-3.18388 0.0942472 0
-1.22898 -1.24783 0
-1.3625 -3.28059 0
-4.21858 -0.49923 1
-4.01925 0.891809 0
-1.77077 0.949782 0
-1.57296 -0.34867 0
-2.08908 -0.160895 0
-3.9456 -10.2019 0
-3.25466 0.137791 0
-4.33048 -2.39078 0
-4.60382 -0.316547 1
-3.23184 -3.28246 0
-4.80659 -1.34214 0
-3.60823 -2.31675 0
-4.60382 -0.316547 1
-3.51256 -7.30747 0
-2.08908 -0.160895 0
-1.80511 3.13082 1
-8.90407 0.264356 0
-3.51256 -7.30747 0
-7.18199 -0.947229 0
-3.17591 -7.3319 0
-1.86483 -1.38313 0
-1.32752 -3.15359 0
-4.92943 0.0807551 1
-2.71545 0.496355 0
-2.62667 1.48354 0
-4.44479 -2.51547 0
-2.60971 0.600176 0
-1.04763 0.0567496 0
-1.69859 3.27422 1
-4.18319 0.267521 0
-2.72113 -2.07526 0
-4.33048 -2.39078 0
-2.00628 -2.91016 0
-1.572 -1.70431 0
-4.31327 -2.51783 0
-3.8823 -1.55965 0
-3.24766 -2.65443 1
-3.29014 -7.18013 0
-1.04763 0.0567496 0
-4.16919 -2.1378 0
-2.00628 -2.91016 0
-3.13565 0.10362 0
-3.93493 -1.79065 0
-3.37639 -2.34359 0
-4.51477 -1.9744 0
-4.0147 -1.80028 0
-3.90044 0.745216 0
-1.81788 -3.60749 0
-3.37082 -3.2649 0
-8.76067 0.433748 0
-1.20456 -1.40922 0
-8.76067 0.433748 0
-1.57296 -0.34867 0
-1.67362 -1.82654 0
-1.20456 -1.40922 0
-5.00145 -8.35304 0
-1.35926 -0.0407573 0
-1.99097 -0.0796272 0
-2.41348 0.709404 1
-4.39867e-09 3.26103e-09 0
-6.35349e-09 3.32489e-09 0
-2.90756e-09 5.25977e-09 0
-5.19195e-09 8.20024e-09 0
-1.46745e-09 3.73115e-09 1
-4.71036e-09 2.70379e-09 0
-3.44536e-09 1.59015e-09 0
-5.87029e-09 3.24138e-09 0
-6.01484e-09 8.7782e-10 0
-2.92875e-09 7.0865e-09 0
-2.05453e-09 2.97038e-09 0
-6.53836e-09 3.43762e-09 0
-1.09099e-08 5.04601e-09 0
-6.50321e-09 3.71962e-09 0
-7.35501e-09 3.54799e-09 0
-4.39867e-09 3.26103e-09 0
-5.9589e-09 8.35549e-10 0
-5.45073e-09 3.92419e-09 0
-3.51893e-09 3.91593e-09 0
-3.99513e-10 6.29184e-09 0
-1.46745e-09 3.73115e-09 1
-4.00181e-09 -2.74124e-10 0
-6.01484e-09 8.7782e-10 0
-3.40774e-09 1.04215e-08 0
-1.49612e-09 3.27503e-09 1
-3.13536e-09 4.81285e-09 1
-8.779e-09 3.92941e-09 0
-7.55161e-09 9.80235e-09 0
-2.90787e-09 6.2487e-09 0
-4.00181e-09 -2.74124e-10 0
-3.08266e-09 4.5148e-09 1
-3.1342e-09 4.25168e-09 1
-6.71398e-09 3.73419e-09 0
-1.67006e-09 3.66048e-09 0
-4.1583e-09 1.68273e-09 0
-3.34074e-09 3.11622e-09 0
-4.41964e-09 3.01175e-09 0
-5.87029e-09 3.24138e-09 0
-7.55161e-09 9.80235e-09 0
-3.51552e-09 1.15184e-09 0
-5.65286e-09 7.74962e-09 0
-5.64397e-09 3.19243e-09 0
-1.12448e-08 5.38406e-09 0
-3.92759e-09 6.6223e-09 0
-5.21383e-09 7.94097e-10 0
-3.6178e-09 2.23853e-09 0
-4.23105e-11 5.96547e-09 0
-3.82432e-09 8.89353e-09 1
-4.2256e-09 1.0516e-08 0
-3.73305e-09 7.52638e-09 0
-3.64463e-09 9.72116e-09 1
-1.67006e-09 3.66048e-09 0
-4.41964e-09 3.01175e-09 0
-6.50321e-09 3.71962e-09 0
-3.36947e-09 1.00049e-08 1
-5.6734e-09 1.06406e-09 0
-4.29338e-09 1.14788e-08 1
-6.35349e-09 3.32489e-09 0
-5.86474e-09 3.83983e-09 0
-3.51552e-09 1.15184e-09 0
-6.53836e-09 3.43762e-09 0
-9.20751e-09 7.25291e-09 0
-3.6178e-09 2.23853e-09 0
-1.15369e-08 5.18795e-09 0
-1.11166e-08 5.81945e-09 0
-8.41026e-09 5.7809e-09 0
-5.92726e-09 1.73497e-09 0
-3.13536e-09 4.81285e-09 1
-5.32041e-11 6.21402e-09 0
-4.24866e-09 1.05907e-08 0
-6.8028e-09 8.51895e-09 0
-2.71061e-09 6.38622e-09 0
-6.71173e-09 8.95047e-09 0
-3.92759e-09 6.6223e-09 0
-8.28731e-09 5.70343e-09 0
-4.74203e-09 6.75359e-09 0
-3.34074e-09 3.11622e-09 0
-3.36947e-09 1.00049e-08 1
-3.82432e-09 8.89353e-09 1
-4.74203e-09 6.75359e-09 0
-4.24866e-09 1.05907e-08 0
-5.32041e-11 6.21402e-09 0
-4.59412e-09 2.28e-09 0
-6.18439e-09 1.66889e-09 0
-2.50732e-09 3.61714e-09 0
-7.78787e-09 3.83515e-09 0
-1.38125e-09 4.29889e-09 1
-1.09099e-08 5.04601e-09 0
-6.89787e-09 1.19108e-09 0
-4.24371e-09 1.14969e-08 1
-4.59412e-09 2.28e-09 0
-4.71036e-09 2.70379e-09 0
-3.79064e-09 6.99086e-09 0
-6.31901e-09 -6.13133e-11 0
-6.24639e-09 1.11598e-09 0
-9.15521e-09 7.15328e-09 0
-4.15793e-09 9.63152e-09 0
-5.64397e-09 3.19243e-09 0
-4.23105e-11 5.96547e-09 0
-5.49275e-09 6.66104e-09 0
-2.38888e-08 1.13582e-08 0
-1.29558e-08 6.16183e-09 0
6.14443e-10 -9.89755e-09 1
7.6543e-09 -3.39004e-08 0
-2.45359e-09 4.04538e-09 0
-2.30727e-08 -4.08463e-09 1
-1.00577e-08 -2.67203e-08 0
-1.93783e-08 2.68307e-08 0
4.09727e-09 -1.3547e-08 0
-9.82324e-10 -6.3134e-09 1
-5.9399e-09 -9.38945e-09 1
-1.15287e-09 3.81312e-09 0
-2.07538e-08 1.98828e-08 0
6.48378e-09 -2.37426e-09 0
-1.64988e-08 -1.91309e-08 0
-1.05222e-08 -7.85529e-09 0
9.95731e-10 -1.06528e-08 1
-1.47326e-08 1.92751e-08 0
1.37177e-08 2.28814e-08 0
3.38774e-09 -1.1552e-08 0
-7.93338e-09 -2.62107e-08 0
-1.08504e-08 6.72884e-11 0
-1.87513e-08 -7.98608e-11 0
-4.08683e-09 -2.65586e-09 0
-1.06149e-08 -1.14513e-08 0
-1.95223e-09 -7.22217e-10 0
-1.39567e-08 -2.28626e-09 0
1.57304e-08 -1.00036e-08 1
1.07296e-08 7.68215e-10 0
-1.90429e-08 4.65379e-09 0
-8.50861e-09 -1.69752e-08 0
-2.46128e-08 2.01025e-08 0
-1.50369e-08 1.09931e-08 0
-1.87031e-08 -1.03908e-08 0
-1.41048e-08 -2.10122e-08 1
-2.38702e-08 1.67531e-08 0
-2.52606e-08 -1.4037e-08 0
-2.64802e-08 -6.25585e-09 1
-9.6027e-09 8.11717e-09 0
-9.98296e-10 -8.28577e-09 1
-3.49358e-08 1.85703e-08 0
-2.17483e-08 4.1118e-09 0
-1.61554e-09 -1.39961e-08 0
-2.8227e-09 -1.24799e-08 0
-1.20625e-08 1.2656e-08 0
-6.59392e-09 -8.15579e-09 0
-2.18024e-08 8.03423e-09 0
1.08784e-08 2.85933e-09 0
-1.91831e-08 4.18851e-09 1
-1.13512e-08 9.91012e-09 0
-2.1695e-08 -1.11306e-08 0
1.75212e-09 6.31183e-09 0
-1.99342e-08 1.57827e-08 0
-6.09847e-09 6.12695e-09 0
-1.36612e-09 6.08516e-10 0
9.0364e-09 -2.65098e-09 0
-5.36061e-09 1.11895e-08 0
-8.85727e-09 -9.32187e-09 1
5.75841e-10 -1.3126e-08 0
-2.77558e-08 1.97806e-08 0
9.72425e-09 -9.29459e-09 0
-2.17057e-08 1.09594e-08 0
1.51445e-09 -8.64838e-09 0
-2.90457e-09 -3.67673e-09 1
-3.46395e-08 6.44902e-09 1
-2.65797e-08 2.25502e-08 0
-1.89281e-08 2.29278e-09 1
-1.33861e-08 -1.29214e-08 0
-2.4415e-08 -3.32008e-08 0
4.55092e-09 1.23221e-08 0
-6.35908e-09 1.21124e-08 0
-1.40166e-08 8.81877e-09 0
-3.25481e-08 5.74877e-09 0
-2.30327e-08 6.48345e-09 0
-1.57481e-08 -1.3178e-08 0
-3.46266e-08 2.63927e-09 0
3.17827e-09 -5.52168e-09 0
-2.11186e-08 3.90637e-09 0
-3.87277e-09 5.99209e-10 0
2.41338e-09 7.46577e-10 1
-1.11228e-08 1.93144e-08 0
8.86099e-09 2.73873e-09 0
-7.74627e-09 -8.13261e-09 0
-2.5049e-09 -2.72294e-09 0
2.09856e-08 -1.91799e-08 0
-1.40569e-08 -2.03989e-08 0
-8.66998e-10 1.93445e-08 1
1.75125e-09 -2.03195e-08 0
-2.35709e-08 8.54832e-09 0
1.37097e-08 -1.32816e-08 0
-2.37224e-09 7.26205e-10 0
-1.33845e-08 -1.01836e-08 0
-5.60927e-09 3.81978e-09 0
-1.77555e-08 2.55713e-08 0
-2.4532e-08 1.53387e-08 0
1.31811e-09 -6.70813e-09 0
1.0681e-08 -2.30529e-08 0
-3.20318e-08 -1.06163e-08 0
6.67583e-09 -7.82803e-09 0
-7.20953e-09 2.13784e-08 0
0.00136 -0.00129142 0
0.00135999 -0.00129143 0
0.00136 -0.00129142 0
0.00136 -0.00129143 0
0.00135999 -0.00129143 0
0.00136 -0.00129143 0
0.00135999 -0.00129142 0
0.00135999 -0.00129142 0
0.00136 -0.00129143 0
0.00136 -0.00129143 0
0.00135999 -0.00129142 0
0.00136 -0.00129143 0
0.00136 -0.00129143 1
0.00136 -0.00129143 0
0.00136 -0.00129143 0
0.00136 -0.00129142 0
0.00136 -0.00129143 0
0.00136 -0.00129142 0
0.00136 -0.00129143 0
0.00135999 -0.00129143 0
0.00136 -0.00129142 0
0.00136 -0.00129142 0
0.00135999 -0.00129142 0
0.00136 -0.00129143 0
0.00136 -0.00129143 0
0.00136 -0.00129143 1
0.00136 -0.00129142 0
0.00136 -0.00129143 0
0.00136 -0.00129142 0
0.00135999 -0.00129143 0
0.00136 -0.00129143 0
0.00136 -0.00129143 0
0.00136 -0.00129143 0
0.00136 -0.00129143 0
0.00136 -0.00129142 1
0.00136 -0.00129143 0
0.00136 -0.00129142 0
0.00135999 -0.00129142 0
0.00135999 -0.00129143 0
0.00136 -0.00129143 0
0.00135999 -0.00129142 0
0.00136 -0.00129142 0
0.00136 -0.00129142 1
0.00136 -0.00129142 0
0.00136 -0.00129142 0
0.00135999 -0.00129142 0
0.00135999 -0.00129143 0
0.00136 -0.00129143 0
0.00135999 -0.00129142 0
0.00135999 -0.00129142 0
0.00136 -0.00129143 1
0.00136 -0.00129142 0
0.00136 -0.00129143 0
0.00135999 -0.00129142 0
0.00136 -0.00129143 1
0.00136 -0.00129143 0
0.00136 -0.00129143 0
0.00135999 -0.00129142 0
0.00136 -0.00129143 0
0.00136 -0.00129142 0
0.00136 -0.00129143 1
0.00136 -0.00129142 0
0.00136 -0.00129143 1
0.00136 -0.00129143 0
0.00135999 -0.00129142 0
0.00135999 -0.00129143 0
0.00136 -0.00129143 0
0.00135999 -0.00129142 0
0.00136 -0.00129142 0
0.00136 -0.00129143 1
0.00136 -0.00129142 0
0.00136 -0.00129143 0
0.00136 -0.00129142 1
0.00135999 -0.00129143 0
0.00135999 -0.00129142 0
0.00136 -0.00129143 0
0.00136 -0.00129142 0
0.00135999 -0.00129142 0
0.00136 -0.00129142 0
0.00135999 -0.00129142 0
0.00136 -0.00129142 0
0.00136 -0.00129142 0
0.00136 -0.00129143 0
0.00136 -0.00129142 0
0.00136 -0.00129143 0
0.00136 -0.00129143 0
0.00135999 -0.00129142 0
0.00135999 -0.00129143 0
0.00136 -0.00129142 0
0.00136 -0.00129143 0
0.00135999 -0.00129142 0
0.00136 -0.00129143 0
0.00136 -0.00129143 0
0.00136 -0.00129143 0
0.00136 -0.00129142 0
0.00136 -0.00129142 0
0.00136 -0.00129142 0
0.00136 -0.00129142 0
0.00136 -0.00129142 1
0.00136 -0.00129142 1
0.00136 -0.00129144 0
0.00135998 -0.00129143 0
0.00135999 -0.00129142 0
0.00135997 -0.0012914 1
0.00136 -0.00129145 0
0.00136 -0.00129143 0
0.00136 -0.00129144 1
0.00135999 -0.00129146 0
0.00135994 -0.00129144 0
0.00135999 -0.00129138 0
0.00135999 -0.00129143 0
0.00135996 -0.00129145 0
0.00136 -0.00129143 1
0.00136001 -0.00129143 0
0.00135999 -0.00129142 1
0.00136001 -0.00129143 0
0.00135998 -0.0012914 0
0.00135999 -0.00129145 0
0.00136 -0.00129144 0
0.00136001 -0.00129143 0
0.00136004 -0.00129144 0
0.00135998 -0.00129144 0
0.00136001 -0.00129148 0
0.00136001 -0.00129142 0
0.00136 -0.00129143 0
0.00135999 -0.00129144 0
0.00135999 -0.00129143 0
0.00136002 -0.00129143 0
0.00135999 -0.00129144 1
0.00136 -0.00129144 0
0.00135998 -0.00129143 0
0.00136002 -0.00129145 0
0.00135998 -0.00129142 0
0.00135999 -0.00129144 0
0.00135998 -0.00129141 0
0.00136001 -0.00129143 0
0.00135998 -0.00129142 0
0.00135999 -0.00129143 0
0.00135997 -0.00129144 0
0.00136001 -0.00129144 1
0.00136 -0.00129144 0
0.00136001 -0.00129145 0
0.00135999 -0.00129142 0
0.00136001 -0.00129143 0
0.00136 -0.00129144 0
0.00136001 -0.00129144 1
0.00136003 -0.00129145 0
0.00136003 -0.00129143 0
0.00136 -0.00129142 0
0.00136 -0.00129144 0
0.00135998 -0.00129144 0
0.00136 -0.00129142 0
0.00135998 -0.00129144 1
0.00135999 -0.00129142 0
0.00136 -0.00129142 0
0.00136 -0.00129143 0
0.00135998 -0.00129148 0
0.00135997 -0.00129143 0
0.00136001 -0.00129144 0
0.00135997 -0.00129144 1
0.00136 -0.00129144 0
0.00136 -0.00129143 1
0.00135998 -0.00129142 0
0.00136001 -0.00129143 0
0.00136001 -0.00129143 0
0.00135999 -0.00129141 0
0.00136001 -0.00129145 0
0.00136 -0.00129141 0
0.00136 -0.00129143 0
0.00136001 -0.00129145 0
0.00135998 -0.00129143 0
0.00136001 -0.00129144 0
0.00135998 -0.00129146 0
0.00135998 -0.00129142 0
0.00135999 -0.00129145 1
0.00136 -0.00129142 0
0.00136001 -0.00129142 0
0.00136 -0.00129142 0
0.00135997 -0.00129144 0
0.00135999 -0.00129143 0
0.00136 -0.0012914 0
0.00136001 -0.00129139 0
0.00135998 -0.00129143 0
0.00136004 -0.0012914 0
0.00135999 -0.00129143 0
0.00135999 -0.00129143 0
0.00135997 -0.00129144 1
0.00136 -0.0012914 0
0.00136 -0.00129143 0
0.00136 -0.00129141 0
0.00135998 -0.00129141 1
0.00136 -0.00129144 1
0.00135999 -0.00129144 0
0.00135999 -0.00129145 0
0.00135998 -0.00129143 0
0.00136 -0.00129144 0
0.00136001 -0.00129143 0
0.00136 -0.00129144 0
0.00135999 -0.00129141 0
0.00135999 -0.00129144 0
0.00402135 -0.00390257 0
0.00402135 -0.00390257 0
0.00402135 -0.00390257 0
0.00402135 -0.00390257 0
0.00402135 -0.00390257 0
0.00402134 -0.00390257 0
0.00402135 -0.00390257 0
0.00402135 -0.00390257 0
0.00402135 -0.00390257 0
0.00402135 -0.00390257 0
0.00402135 -0.00390256 0
0.00402135 -0.00390256 1
0.00402135 -0.00390257 0
0.00402135 -0.00390257 0
0.00402135 -0.00390257 0
0.00402135 -0.00390257 0
0.00402135 -0.00390257 0
0.00402135 -0.00390256 0
0.00402135 -0.00390257 0
0.00402135 -0.00390257 0
0.00402135 -0.00390257 0
0.00402135 -0.00390257 1
0.00402135 -0.00390257 0
0.00402134 -0.00390257 0
0.00402135 -0.00390257 0
0.00402135 -0.00390257 0
0.00402135 -0.00390257 0
0.00402135 -0.00390257 0
0.00402135 -0.00390257 0
0.00402135 -0.00390257 0
0.00402135 -0.00390257 0
0.00402135 -0.00390257 0
0.00402135 -0.00390256 0
0.00402135 -0.00390257 0
0.00402135 -0.00390257 0
0.00402135 -0.00390256 0
0.00402135 -0.00390257 0
0.00402135 -0.00390257 0
0.00402135 -0.00390257 0
0.00402135 -0.00390257 0
0.00402135 -0.00390257 0
0.00402135 -0.00390257 1
0.00402135 -0.00390257 1
0.00402135 -0.00390257 0
0.00402135 -0.00390257 0
0.00402135 -0.00390257 0
0.00402135 -0.00390256 1
0.00402135 -0.00390257 0
0.00402134 -0.00390257 0
0.00402135 -0.00390256 1
0.00402134 -0.00390257 0
0.00402135 -0.00390257 0
0.00402135 -0.00390257 0
0.00402135 -0.00390257 1
0.00402135 -0.00390257 0
0.00402135 -0.00390257 1
0.00402135 -0.00390257 0
0.00402135 -0.00390257 0
0.00402135 -0.00390257 0
0.00402134 -0.00390257 0
0.00402135 -0.00390257 0
0.00402135 -0.00390257 0
0.00402135 -0.00390257 0
0.00402135 -0.00390257 1
0.00402135 -0.00390256 1
0.00402135 -0.00390256 0
0.00402135 -0.00390257 0
0.00402135 -0.00390257 0
0.00402135 -0.00390257 0
0.00402134 -0.00390257 0
0.00402135 -0.00390257 0
0.00402135 -0.00390256 0
0.00402134 -0.00390257 0
0.00402135 -0.00390257 0
0.00402134 -0.00390257 0
0.00402135 -0.00390257 0
0.00402135 -0.00390257 0
0.00402135 -0.00390257 0
0.00402135 -0.00390256 0
0.00402135 -0.00390256 1
0.00402135 -0.00390257 0
0.00402135 -0.00390256 0
0.00402134 -0.00390257 0
0.00402134 -0.00390257 0
0.00402135 -0.00390257 0
0.00402135 -0.00390257 0
0.00402135 -0.00390257 0
0.00402135 -0.00390257 0
0.00402135 -0.00390256 0
0.00402135 -0.00390256 1
0.00402135 -0.00390257 0
0.00402135 -0.00390257 0
0.00402134 -0.00390257 0
0.00402135 -0.00390257 1
0.00402135 -0.00390257 0
0.00402135 -0.00390257 0
0.00402135 -0.00390257 1
0.00402135 -0.00390257 0
0.00402135 -0.00390257 0
0.00402135 -0.00390257 0
0.00402135 -0.00390257 1
0.00402135 -0.00390257 0
0.00402135 -0.00390257 0
0.00402135 -0.00390257 0
0.00402135 -0.00390257 0
0.00402135 -0.00390257 0
0.00402135 -0.00390256 1
0.00402135 -0.00390257 0
0.00402135 -0.00390257 0
0.00402135 -0.00390257 0
0.00402135 -0.00390257 0
0.00402135 -0.00390256 0
0.00402135 -0.00390256 0
0.00402135 -0.00390257 0
0.00402135 -0.00390257 0
0.00402135 -0.00390257 0
0.00402135 -0.00390257 0
0.00402135 -0.00390257 1
0.00402135 -0.00390257 0
0.00402135 -0.00390256 0
0.00402134 -0.00390257 0
0.00402135 -0.00390257 0
0.00402135 -0.00390257 0
0.00402135 -0.00390257 0
0.00402135 -0.00390257 0
0.00402134 -0.00390257 0
0.00402135 -0.00390257 1
0.00402135 -0.00390257 0
0.00402135 -0.00390257 0
0.00402134 -0.00390257 0
0.00402135 -0.00390257 0
0.00402135 -0.00390257 0
0.00402135 -0.00390257 0
0.00402135 -0.00390256 0
0.00402135 -0.00390257 0
0.00402135 -0.00390257 1
0.00402135 -0.00390257 0
0.00402135 -0.00390257 0
0.00402135 -0.00390257 1
0.00402135 -0.00390257 0
0.00402135 -0.00390256 0
0.00402135 -0.00390257 0
0.00402135 -0.00390257 0
0.00402135 -0.00390257 0
0.00402135 -0.00390257 0
0.00402135 -0.00390257 0
0.00402135 -0.00390257 0
0.00402135 -0.00390257 0
0.00402135 -0.00390257 0
0.00402135 -0.00390257 0
0.00402135 -0.00390256 0
0.00402135 -0.00390257 0
0.00402135 -0.00390257 0
0.00402134 -0.00390257 0
0.00402135 -0.00390257 0
0.00402134 -0.00390257 0
0.00402135 -0.00390257 0
0.00402135 -0.00390256 1
0.00402135 -0.00390257 0
0.00402134 -0.00390257 0
0.00402135 -0.00390257 0
0.00402135 -0.00390257 0
0.00402135 -0.00390256 0
0.00402134 -0.00390257 0
0.00402135 -0.00390257 0
0.00402135 -0.00390256 0
0.00402135 -0.00390256 1
0.00402135 -0.00390257 0
0.00402135 -0.00390257 0
0.00402135 -0.00390256 0
0.00402135 -0.00390257 0
0.00402135 -0.00390257 0
0.00402135 -0.00390257 0
0.00402135 -0.00390257 0
0.00402135 -0.00390257 0
0.00402135 -0.00390257 0
0.00402135 -0.00390256 0
0.00402135 -0.00390257 0
0.00402135 -0.00390257 0
0.00402135 -0.00390257 0
0.00402135 -0.00390257 0
0.00402135 -0.00390256 0
0.00402135 -0.00390257 0
0.00402135 -0.00390256 1
0.00402135 -0.00390257 0
0.00402135 -0.00390256 0
0.00402134 -0.00390257 0
0.00402134 -0.00390257 0
0.00402135 -0.00390257 1
0.00402135 -0.00390257 0
0.00402135 -0.00390257 0
0.00402134 -0.00390257 0
0.00402134 -0.00390257 0
0.00402134 -0.00390257 0
0.00402135 -0.00390257 0
0.00402135 -0.00390256 0
0.00402135 -0.00390256 0
0.00402135 -0.00390257 0
0.00402135 -0.00390256 0
0.00402135 -0.00390257 0
