-1.67529e-08 -1.09492e-08 0
2.33726e-08 -8.86888e-09 0
5.6176e-09 -3.13603e-08 0
-1.96387e-08 1.17571e-08 0
2.07354e-08 3.2619e-08 0
-1.0158e-08 5.98071e-09 0
-1.08599e-08 4.34837e-09 0
-5.77799e-09 1.0021e-08 0
-9.36815e-09 -2.15964e-09 0
1.02099e-09 1.51795e-09 0
1.00998e-08 1.86013e-08 0
-9.35588e-09 1.66914e-08 0
4.52708e-09 4.5432e-09 1
1.22582e-08 -1.82225e-08 0
5.87955e-10 1.31178e-08 0
1.9115e-09 3.79803e-09 0
-2.78104e-10 8.58313e-09 0
-1.42264e-08 1.14175e-08 1
-4.9838e-08 1.63332e-08 0
-8.36421e-09 -1.49341e-09 0
3.64943e-09 2.34818e-08 0
-3.38836e-08 1.98605e-09 0
4.431e-09 2.14931e-08 0
-2.00029e-08 -2.50478e-08 1
3.52776e-09 2.91023e-09 1
-1.24502e-08 -1.52772e-08 1
2.09479e-09 -1.88598e-08 0
-2.39566e-08 -2.9068e-09 0
-4.13862e-08 4.26558e-09 1
-2.03233e-08 1.69375e-08 0
-3.58714e-08 -9.23354e-09 0
-6.6017e-09 2.62382e-08 1
-3.21114e-09 1.77928e-08 0
5.94428e-09 1.10345e-08 0
7.30022e-09 -2.61231e-08 0
-1.66559e-08 8.21853e-09 0
3.16041e-08 -1.67785e-08 0
-8.93948e-09 1.23405e-08 1
-1.13582e-08 -2.94355e-09 0
3.09256e-09 -7.11307e-09 0
-2.04244e-09 1.67629e-08 0
5.46328e-09 -1.02371e-08 0
-7.38715e-09 -8.47609e-09 0
-3.4496e-08 -7.09946e-09 0
-6.13391e-09 -6.12111e-09 0
-3.10384e-08 9.51463e-09 0
-1.83656e-08 -1.38124e-08 0
-2.51854e-10 1.23002e-08 0
-4.02324e-08 7.42432e-09 0
-2.81433e-08 -2.19933e-08 0
-2.89176e-08 -2.27224e-08 0
-2.63306e-08 -6.44129e-09 0
7.22889e-09 2.03507e-08 0
-1.73634e-08 -1.05593e-08 0
1.75116e-09 1.13422e-08 0
-3.91429e-08 -7.38682e-09 0
-2.25217e-08 -1.19856e-08 1
-6.77952e-09 -1.61305e-08 0
1.7445e-11 9.5519e-09 0
-1.34294e-08 -8.06676e-09 1
-5.20157e-09 4.88876e-08 1
-2.90292e-08 1.08591e-08 0
-5.66327e-09 1.00144e-08 0
-6.16248e-09 2.62012e-09 0
-7.8248e-09 1.62439e-08 1
-4.10143e-09 3.37607e-08 0
-1.01851e-08 -2.14112e-08 1
-1.18725e-08 -1.57239e-09 0
-3.31072e-09 3.58817e-09 0
7.04345e-09 1.07059e-09 0
-7.9375e-09 4.02837e-09 1
-5.2924e-08 -7.61748e-09 0
-4.49645e-09 1.35285e-09 1
-2.08888e-08 -5.793e-09 0
-1.68232e-08 -5.19631e-09 0
1.3249e-08 3.63274e-08 0
6.05723e-09 3.69827e-09 0
-5.76923e-08 2.27224e-08 1
-1.01879e-08 -1.54376e-08 0
5.15593e-09 1.52791e-09 0
-2.13431e-08 -2.03909e-09 0
2.19442e-08 2.00618e-08 0
-1.89101e-08 -1.13015e-08 1
-4.22313e-09 -1.66244e-08 1
-1.31333e-08 2.62696e-08 0
-1.36697e-08 -1.63839e-08 0
-1.2986e-08 2.75063e-08 0
-4.31884e-08 9.72442e-09 0
7.44354e-09 2.03734e-08 0
-2.28943e-08 -3.11897e-09 0
-1.04528e-08 1.10092e-08 0
-1.45236e-08 -2.39359e-09 0
1.82675e-08 1.5192e-09 0
2.09852e-08 2.66174e-08 0
-1.0186e-08 2.01018e-08 0
-1.00367e-08 7.39198e-09 0
-1.26038e-08 -1.24986e-08 0
-1.38388e-08 -8.13195e-09 0
2.93692e-09 2.79764e-08 0
-1.64998e-08 -1.05548e-08 0
15.7624 12.7668 0
15.3514 10.041 0
13.8413 16.4947 1
7.05371 8.56312 0
12.8555 12.3486 0
15.6293 12.3319 0
14.5484 10.5942 0
15.8886 11.9275 0
17.558 14.2347 0
14.2457 10.54 0
19.4752 13.3495 0
16.3247 15.0013 1
15.3514 10.041 0
17.558 14.2347 0
16.7233 13.1832 0
15.336 12.7167 1
14.4248 11.1616 0
15.3578 12.2308 0
14.2739 9.49877 0
13.9964 10.7253 0
14.7553 10.046 0
18.4095 14.6237 0
14.2099 10.5556 0
15.336 12.7167 1
5.4728 10.1989 0
13.948 11.6297 0
15.2918 13.2803 0
15.0424 10.8092 0
15.2918 13.2803 0
14.2099 10.5556 0
15.8886 11.9275 0
15.5494 10.4703 0
3.65469 9.25346 1
16.4799 11.0958 0
14.7553 10.046 0
3.66113 9.22566 1
16.1152 10.0745 0
6.63377 8.62006 0
16.1012 9.93244 0
16.6305 13.1745 0
15.5238 10.3014 0
17.8509 13.5633 0
16.4509 15.2418 1
15.3578 12.2308 0
15.4963 10.8008 0
15.3595 12.081 0
8.04259 8.45917 0
16.1152 10.0745 0
15.151 14.4878 0
17.9028 14.3962 0
18.3391 14.9596 0
14.512 12.5981 0
12.7183 12.4376 0
17.9028 14.3962 0
5.16051 10.2892 0
15.3595 12.081 0
15.2897 12.857 0
20.6157 16.946 0
5.16051 10.2892 0
22.7406 18.4227 0
5.17819 10.1294 0
15.0573 11.8436 0
15.519 10.1282 0
18.4095 14.6237 0
15.9583 12.7492 0
17.8585 11.9076 0
15.7294 15.1604 0
15.7624 12.7668 0
15.2953 10.65 0
15.2621 13.6737 0
13.7783 16.1015 1
14.0044 10.8964 0
15.151 14.4878 0
15.7523 11.3952 0
14.5401 10.4576 0
15.1267 14.2821 0
14.7748 13.3232 0
14.101 10.4787 0
6.53312 8.54722 0
15.2953 10.65 0
16.7233 13.1832 0
15.7523 11.3952 0
16.1971 10.1704 0
19.3977 13.446 0
12.8555 12.3486 0
14.775 9.81402 0
19.2557 13.4984 0
16.3247 15.0013 1
15.8529 9.73597 0
18.9643 15.3581 0
20.7025 17.1942 0
16.5929 13.1186 0
20.7025 17.1942 0
15.4963 10.8008 0
16.4799 11.0958 0
16.5929 13.1186 0
3.64276 9.00991 1
15.1742 10.6133 0
15.4946 12.3354 0
15.6099 15.0632 0
-6.04804e-09 1.88934e-09 1
-9.31994e-09 2.95952e-09 0
-3.5946e-09 3.23655e-09 0
2.10203e-09 2.47427e-09 0
-8.38642e-09 -3.51966e-09 0
-5.5358e-09 2.27367e-09 1
-4.1809e-09 9.56502e-10 0
-5.38896e-09 -5.54114e-09 0
-5.38207e-09 -7.77127e-10 0
2.21257e-09 1.03314e-09 0
-1.3373e-09 4.35695e-09 1
-7.09701e-09 -1.84243e-09 0
-4.00655e-09 1.39493e-09 0
-9.79045e-09 3.58569e-09 0
-6.47186e-09 -2.31266e-09 0
-6.04804e-09 1.88934e-09 1
-5.23885e-09 1.59373e-09 0
-4.05897e-09 3.19937e-09 0
-5.29909e-09 3.20171e-10 0
-5.28379e-09 -1.24237e-09 0
-8.38642e-09 -3.51966e-09 0
-4.49691e-09 7.4418e-10 0
-5.38207e-09 -7.77127e-10 0
-5.75708e-09 1.88792e-09 0
-7.67237e-09 -4.24873e-09 0
-7.05665e-09 4.38512e-09 0
-4.21893e-09 5.69959e-10 0
-3.21899e-09 5.32892e-09 0
1.81948e-09 4.59839e-10 0
-4.49691e-09 7.4418e-10 0
-6.95978e-09 3.9585e-09 0
-5.88673e-09 3.37917e-09 0
-9.83804e-09 3.10879e-09 0
-5.14451e-09 -3.8949e-10 0
-9.36799e-09 1.53782e-09 0
-5.03017e-09 3.4e-10 0
-4.73615e-09 2.58794e-09 0
-5.38896e-09 -5.54114e-09 0
-3.21899e-09 5.32892e-09 0
-4.32103e-09 8.31745e-10 0
-3.48146e-09 4.25182e-09 0
-4.91544e-09 -5.46656e-09 0
-3.91459e-09 -1.54002e-10 0
-3.20982e-09 3.15377e-09 0
-3.84297e-09 3.58638e-09 1
-5.1015e-09 3.18405e-09 0
-5.92738e-09 -5.4142e-10 0
-7.83495e-09 2.61498e-09 0
-6.0079e-09 4.40504e-09 0
-3.3648e-09 3.15913e-09 0
-8.42303e-09 3.19517e-09 0
-5.14451e-09 -3.8949e-10 0
-4.73615e-09 2.58794e-09 0
-9.79045e-09 3.58569e-09 0
-8.21291e-09 3.39227e-09 0
-4.25336e-09 -7.53521e-10 0
-4.3972e-09 1.7873e-09 0
-9.31994e-09 2.95952e-09 0
-4.13989e-09 3.18867e-09 0
-4.32103e-09 8.31745e-10 0
-7.09701e-09 -1.84243e-09 0
-5.84189e-09 3.79031e-09 1
-5.1015e-09 3.18405e-09 0
-3.89382e-09 -9.10656e-10 0
-3.43778e-09 1.58356e-09 0
-4.40672e-09 2.86261e-09 0
-5.52581e-09 1.813e-09 0
-7.05665e-09 4.38512e-09 0
-5.26573e-09 -1.31637e-09 0
-5.90194e-09 3.79121e-09 0
-4.84116e-09 5.61341e-09 0
-4.75426e-09 2.45805e-09 0
-2.58682e-09 4.50354e-09 0
-3.20982e-09 3.15377e-09 0
-4.40414e-09 2.6631e-09 0
-2.60905e-09 2.16942e-09 0
-5.03017e-09 3.4e-10 0
-8.21291e-09 3.39227e-09 0
-7.83495e-09 2.61498e-09 0
-2.60905e-09 2.16942e-09 0
-5.90194e-09 3.79121e-09 0
-5.26573e-09 -1.31637e-09 0
-2.06686e-09 1.67486e-09 0
-5.14834e-09 2.26176e-09 0
-1.21381e-09 4.31791e-09 1
-5.80653e-09 -2.96516e-09 0
-6.92221e-09 -3.35363e-09 0
-4.00655e-09 1.39493e-09 0
-3.02975e-09 -8.01739e-10 0
-5.05602e-09 1.58109e-09 0
-2.06686e-09 1.67486e-09 0
-5.5358e-09 2.27367e-09 1
-6.4144e-09 1.14779e-09 0
-6.44703e-09 2.84692e-09 0
-3.82324e-09 3.70572e-09 1
-6.01278e-09 3.89921e-09 1
-6.53063e-09 4.04905e-09 0
-4.91544e-09 -5.46656e-09 0
-5.92738e-09 -5.4142e-10 0
-2.36273e-09 4.79827e-09 0
-2.52232e-08 -1.09962e-08 0
-1.94788e-08 4.5114e-08 0
-1.92763e-08 1.62522e-08 0
-1.37692e-08 9.73898e-09 0
-2.01878e-08 1.45398e-08 0
-2.00428e-08 1.25732e-08 0
-1.47773e-08 3.15685e-09 0
1.86298e-08 1.26485e-08 0
-7.00084e-09 6.92263e-09 0
-2.68047e-08 -7.03157e-09 0
-1.39537e-08 1.30627e-10 0
-1.64699e-08 -3.3319e-09 1
-3.92019e-08 1.45094e-08 0
-1.11657e-08 -1.34439e-08 0
-2.06222e-08 -7.42001e-09 0
-7.97876e-09 4.40167e-08 1
-1.63961e-08 -2.15219e-09 0
-1.92629e-08 8.04936e-09 0
-2.16102e-08 -1.55637e-09 1
-2.09616e-08 -3.22828e-08 0
-1.52915e-08 -1.25378e-08 0
-3.86978e-08 5.52358e-08 0
-3.00818e-08 8.13096e-09 1
-1.17095e-08 1.12451e-08 0
6.16676e-09 4.48551e-09 0
-1.81093e-09 7.76587e-09 0
-3.62535e-09 2.4761e-08 0
-3.62431e-08 4.18751e-09 0
-1.50848e-08 1.25749e-08 0
-2.9066e-08 1.09007e-08 0
-2.10757e-10 -3.48919e-08 0
3.9562e-10 3.90105e-09 0
-6.36128e-09 -2.81422e-08 0
-3.12094e-09 1.06371e-08 0
-1.1609e-08 2.01667e-08 0
6.65479e-09 -2.93489e-09 0
-1.18174e-08 -1.31101e-08 0
-2.04411e-08 -1.658e-08 0
-8.73614e-09 8.4165e-09 0
-4.51884e-09 -7.48384e-09 0
-3.50979e-08 2.38269e-08 0
-2.41868e-08 1.97027e-08 0
-2.41565e-08 1.0197e-08 1
-4.07924e-08 -3.56178e-09 0
3.46644e-08 1.9685e-09 0
-1.8031e-09 1.22006e-08 1
-9.69458e-09 3.8612e-10 0
-7.90525e-09 -1.95461e-08 1
-2.65174e-08 1.56718e-08 0
-2.73365e-08 -1.12771e-08 1
-3.26754e-08 -1.03742e-08 0
-1.01668e-08 -4.28909e-08 0
2.72044e-09 1.44686e-08 0
-1.73284e-08 -1.08964e-08 0
2.09108e-08 -8.18125e-09 1
2.53496e-09 2.2354e-08 0
-1.2013e-08 -1.12297e-08 0
-8.73987e-09 6.32349e-09 0
1.59244e-08 -4.076e-10 0
-9.91608e-09 4.14162e-08 0
-5.10069e-09 1.07514e-08 0
-2.91748e-08 2.93547e-08 0
-1.21867e-08 -2.31837e-08 0
-2.59487e-08 -4.23168e-10 0
1.37298e-08 5.67536e-09 0
2.22364e-08 -1.39892e-09 1
-9.62316e-09 2.4376e-08 0
3.67408e-09 9.9872e-09 0
-6.36095e-09 2.15357e-08 0
-1.40513e-08 1.51084e-08 0
5.52728e-09 -1.04084e-08 0
1.66394e-08 3.16468e-10 0
-3.02933e-08 5.43069e-09 0
-3.86164e-08 -4.8182e-09 0
2.75439e-08 1.29289e-08 0
6.1113e-09 2.37548e-08 0
-1.58556e-08 -1.11281e-08 0
-1.25477e-08 2.81621e-08 0
1.11153e-08 -5.34107e-09 1
-7.39491e-09 1.71764e-08 0
7.18779e-09 -1.18901e-08 0
4.77377e-09 6.38579e-09 1
3.34273e-09 7.1169e-09 0
2.53815e-08 2.00917e-08 0
-2.27834e-09 2.88037e-09 1
-1.10035e-08 -9.64296e-09 0
-2.69055e-09 1.1615e-08 0
-1.71181e-08 -2.79281e-08 0
2.24134e-08 1.82255e-08 0
-4.53788e-09 5.21374e-09 0
8.69337e-09 1.15687e-08 0
-2.87055e-08 2.32742e-08 0
-6.6049e-09 -7.64575e-09 0
-8.19515e-09 2.20371e-08 0
-4.08651e-08 1.55055e-08 0
-6.98808e-09 -6.03157e-10 0
-2.88757e-08 1.6822e-08 1
2.01157e-09 2.3798e-08 0
-5.93263e-09 1.67867e-08 0
-1.01704e-08 3.8522e-08 0
0.00144 -0.00145143 0
0.00144 -0.00145143 0
0.00144 -0.00145143 0
0.00144 -0.00145143 0
0.00144 -0.00145143 0
0.00144 -0.00145143 1
0.00144 -0.00145143 1
0.00144 -0.00145143 0
0.00144 -0.00145143 0
0.00144 -0.00145143 1
0.00144 -0.00145143 0
0.00144 -0.00145143 0
0.00143999 -0.00145143 0
0.00144 -0.00145143 0
0.00143999 -0.00145143 0
0.00144 -0.00145143 0
0.00144 -0.00145143 0
0.00144 -0.00145143 0
0.00144 -0.00145143 0
0.00144 -0.00145143 0
0.00144 -0.00145143 0
0.00144 -0.00145143 0
0.00144 -0.00145143 0
0.00144 -0.00145143 1
0.00144 -0.00145143 0
0.00144 -0.00145143 0
0.00144 -0.00145143 0
0.00144 -0.00145143 0
0.00144 -0.00145143 0
0.00144 -0.00145143 0
0.00144 -0.00145143 0
0.00144 -0.00145143 0
0.00144 -0.00145143 1
0.00144 -0.00145143 0
0.00143999 -0.00145143 0
0.00144 -0.00145143 0
0.00144 -0.00145143 0
0.00144 -0.00145143 0
0.00144 -0.00145143 0
0.00144 -0.00145143 0
0.00144 -0.00145143 0
0.00144 -0.00145143 0
0.00143999 -0.00145143 0
0.00144 -0.00145143 0
0.00144 -0.00145143 0
0.00144 -0.00145143 0
0.00144 -0.00145143 0
0.00143999 -0.00145143 0
0.00144 -0.00145143 0
0.00144 -0.00145143 0
0.00143999 -0.00145144 0
0.00144 -0.00145143 0
0.00144 -0.00145143 0
0.00144 -0.00145143 0
0.00144 -0.00145143 0
0.00143999 -0.00145143 0
0.00144 -0.00145143 0
0.00144 -0.00145143 1
0.00144 -0.00145143 0
0.00144 -0.00145143 0
0.00143999 -0.00145143 0
0.00144 -0.00145143 0
0.00143999 -0.00145143 0
0.00144 -0.00145143 0
0.00144 -0.00145143 0
0.00144 -0.00145143 0
0.00144 -0.00145143 0
0.00144 -0.00145143 0
0.00144 -0.00145143 0
0.00143999 -0.00145143 0
0.00144 -0.00145143 0
0.00144 -0.00145143 0
0.00144 -0.00145143 0
0.00144 -0.00145143 0
0.00144 -0.00145143 0
0.00144 -0.00145143 1
0.00144 -0.00145143 0
0.00144 -0.00145143 0
0.00144 -0.00145143 0
0.00144 -0.00145143 0
0.00144 -0.00145143 0
0.00144 -0.00145143 0
0.00144 -0.00145143 0
0.00144 -0.00145143 0
0.00144 -0.00145143 0
0.00144 -0.00145143 1
0.00144 -0.00145143 0
0.00144 -0.00145143 0
0.00144 -0.00145143 0
0.00143999 -0.00145143 0
0.00144 -0.00145143 0
0.00144 -0.00145143 0
0.00144 -0.00145143 0
0.00144 -0.00145143 0
0.00144 -0.00145143 0
0.00144 -0.00145143 0
0.00144 -0.00145143 0
0.00144 -0.00145143 0
0.00143999 -0.00145143 0
0.00143999 -0.00145143 0
0.00143999 -0.00145142 0
0.00143999 -0.00145144 0
0.00143998 -0.00145142 0
0.00143998 -0.00145145 0
0.00144002 -0.00145143 0
0.00143999 -0.00145142 0
0.00144 -0.00145145 0
0.00144004 -0.00145144 0
0.00143998 -0.00145142 1
0.00144 -0.00145143 0
0.00143998 -0.00145139 1
0.00143997 -0.00145147 0
0.00144001 -0.00145141 0
0.00143998 -0.00145144 0
0.00143999 -0.00145142 0
0.00143998 -0.00145144 0
0.00143999 -0.00145144 0
0.00143997 -0.0014514 0
0.00143998 -0.00145143 1
0.00143999 -0.00145141 0
0.00143998 -0.00145143 0
0.00144 -0.00145142 0
0.00143996 -0.00145142 0
0.00143998 -0.00145144 0
0.00143999 -0.00145142 0
0.00143995 -0.00145144 0
0.00143999 -0.00145146 0
0.00143998 -0.00145144 0
0.00144 -0.00145142 0
0.00144001 -0.00145142 0
0.00144001 -0.0014514 0
0.00143998 -0.00145144 1
0.00144001 -0.00145143 0
0.00143999 -0.00145144 0
0.00143999 -0.00145142 0
0.00143997 -0.00145142 0
0.00144002 -0.00145142 0
0.00144 -0.00145143 0
0.00143998 -0.00145141 0
0.00143999 -0.00145143 0
0.00144002 -0.00145147 0
0.00143999 -0.00145142 0
0.00144002 -0.00145141 0
0.00143997 -0.00145144 0
0.00143998 -0.00145141 0
0.00144 -0.00145142 0
0.00144 -0.00145144 0
0.00143999 -0.00145142 0
0.00143999 -0.00145144 0
0.00144001 -0.00145141 0
0.00144002 -0.00145144 1
0.00143998 -0.00145143 0
0.00144 -0.00145142 0
0.00143997 -0.00145142 0
0.00143995 -0.00145141 0
0.00143999 -0.00145144 1
0.00144001 -0.00145143 0
0.00144 -0.00145144 1
0.00144002 -0.00145143 0
0.00143996 -0.00145141 0
0.00143999 -0.00145142 0
0.00144 -0.0014514 0
0.00143999 -0.00145146 0
0.00144001 -0.00145144 0
0.00143999 -0.00145144 0
0.00143998 -0.0014514 0
0.00143999 -0.00145144 0
0.00144 -0.00145143 0
0.00144003 -0.00145145 0
0.00144 -0.00145142 0
0.00144 -0.00145146 0
0.00144 -0.00145143 1
0.00144 -0.00145144 0
0.00143999 -0.00145143 0
0.00143999 -0.00145143 0
0.00143999 -0.0014514 0
0.00143999 -0.00145143 0
0.00143997 -0.00145144 0
0.00144 -0.00145142 1
0.00144 -0.00145142 0
0.00143999 -0.00145139 0
0.00144001 -0.0014514 0
0.00143999 -0.00145143 0
0.00144002 -0.00145141 0
0.00144001 -0.00145144 0
0.00144 -0.00145141 0
0.00143996 -0.00145146 0
0.00144 -0.00145143 1
0.00144001 -0.00145142 1
0.00144003 -0.00145143 1
0.00143997 -0.00145143 0
0.00144 -0.00145142 0
0.00144005 -0.00145143 0
0.00143998 -0.00145143 1
0.00144 -0.00145142 0
0.00143999 -0.00145142 0
0.00143997 -0.00145142 0
0.00143998 -0.00145145 0
0.00143999 -0.00145144 0
0.00143999 -0.00145146 0
0.00421311 -0.00428625 0
0.0042131 -0.00428624 0
0.00421311 -0.00428624 0
0.00421311 -0.00428625 0
0.0042131 -0.00428624 0
0.00421311 -0.00428625 0
0.00421311 -0.00428624 0
0.00421311 -0.00428624 0
0.00421311 -0.00428625 0
0.00421311 -0.00428624 0
0.00421311 -0.00428624 0
0.00421311 -0.00428624 0
0.00421311 -0.00428625 0
0.00421311 -0.00428624 1
0.00421311 -0.00428625 0
0.00421311 -0.00428624 0
0.00421311 -0.00428624 0
0.00421311 -0.00428624 0
0.00421311 -0.00428625 0
0.00421311 -0.00428624 1
0.00421311 -0.00428624 0
0.00421311 -0.00428624 0
0.00421311 -0.00428625 0
0.00421311 -0.00428625 0
0.00421311 -0.00428624 0
0.00421311 -0.00428625 0
0.00421311 -0.00428624 0
0.00421311 -0.00428624 0
0.00421311 -0.00428624 1
0.00421311 -0.00428624 0
0.00421311 -0.00428624 0
0.00421311 -0.00428625 0
0.00421311 -0.00428624 0
0.00421311 -0.00428625 0
0.00421312 -0.00428624 0
0.00421311 -0.00428624 0
0.00421311 -0.00428624 0
0.00421311 -0.00428625 0
0.00421311 -0.00428625 0
0.0042131 -0.00428624 0
0.00421311 -0.00428625 0
0.00421311 -0.00428625 0
0.0042131 -0.00428625 0
0.00421311 -0.00428625 0
0.00421311 -0.00428624 1
0.00421311 -0.00428624 0
0.00421311 -0.00428624 0
0.00421311 -0.00428625 0
0.00421311 -0.00428624 0
0.00421311 -0.00428624 0
0.00421311 -0.00428624 1
0.00421311 -0.00428624 1
0.00421311 -0.00428624 0
0.00421311 -0.00428625 0
0.00421311 -0.00428624 0
0.00421311 -0.00428624 0
0.00421311 -0.00428625 0
0.00421311 -0.00428625 0
0.00421311 -0.00428624 0
0.00421311 -0.00428624 1
0.00421311 -0.00428624 1
0.00421311 -0.00428625 0
0.00421311 -0.00428625 0
0.00421311 -0.00428625 0
0.00421311 -0.00428624 0
0.00421311 -0.00428624 0
0.00421311 -0.00428624 0
0.00421311 -0.00428624 0
0.00421311 -0.00428624 0
0.00421311 -0.00428624 1
0.00421311 -0.00428624 1
0.00421311 -0.00428624 0
0.00421311 -0.00428624 1
0.0042131 -0.00428624 0
0.00421311 -0.00428624 1
0.00421311 -0.00428625 0
0.00421311 -0.00428624 0
0.00421311 -0.00428624 0
0.00421311 -0.00428624 0
0.0042131 -0.00428624 0
0.00421311 -0.00428625 0
0.00421311 -0.00428624 0
0.00421311 -0.00428624 0
0.00421311 -0.00428624 0
0.00421311 -0.00428625 0
0.00421311 -0.00428624 0
0.00421311 -0.00428624 0
0.0042131 -0.00428624 0
0.00421311 -0.00428624 0
0.00421311 -0.00428624 0
0.0042131 -0.00428624 0
0.00421311 -0.00428624 0
0.00421311 -0.00428625 0
0.00421311 -0.00428625 0
0.00421311 -0.00428625 0
0.00421311 -0.00428624 0
0.00421311 -0.00428624 0
0.00421311 -0.00428624 0
0.00421311 -0.00428624 1
0.00421311 -0.00428624 0
0.00421311 -0.00428625 0
0.0042131 -0.00428624 0
0.00421311 -0.00428625 0
0.00421311 -0.00428624 0
0.00421311 -0.00428625 0
0.00421311 -0.00428624 0
0.00421311 -0.00428624 0
0.00421311 -0.00428624 0
0.00421311 -0.00428625 0
0.00421311 -0.00428624 0
0.00421311 -0.00428624 0
0.00421311 -0.00428624 0
0.00421311 -0.00428624 0
0.00421311 -0.00428625 0
0.00421311 -0.00428624 0
0.00421311 -0.00428624 0
0.00421311 -0.00428624 1
0.00421311 -0.00428624 0
0.00421311 -0.00428625 0
0.00421311 -0.00428624 0
0.00421311 -0.00428624 0
0.00421311 -0.00428624 1
0.00421311 -0.00428624 1
0.00421311 -0.00428624 0
0.00421311 -0.00428624 0
0.00421311 -0.00428624 0
0.00421311 -0.00428625 0
0.00421312 -0.00428624 0
0.00421311 -0.00428624 0
0.00421311 -0.00428624 0
0.00421311 -0.00428625 0
0.00421311 -0.00428624 0
0.00421311 -0.00428625 0
0.00421311 -0.00428624 0
0.00421312 -0.00428624 0
0.00421311 -0.00428624 0
0.0042131 -0.00428624 0
0.00421311 -0.00428624 1
0.00421311 -0.00428625 0
0.00421311 -0.00428624 0
0.00421311 -0.00428624 0
0.00421311 -0.00428624 1
0.00421311 -0.00428625 0
0.00421311 -0.00428624 1
0.00421311 -0.00428624 0
0.00421311 -0.00428624 0
0.0042131 -0.00428624 0
0.00421311 -0.00428625 0
0.00421311 -0.00428624 0
0.00421311 -0.00428624 0
0.00421311 -0.00428624 0
0.00421311 -0.00428625 0
0.00421311 -0.00428625 0
0.00421311 -0.00428624 0
0.00421311 -0.00428624 1
0.00421311 -0.00428625 0
0.00421311 -0.00428624 0
0.00421311 -0.00428624 0
0.00421311 -0.00428624 0
0.00421311 -0.00428624 0
0.00421311 -0.00428625 0
0.00421311 -0.00428625 0
0.00421311 -0.00428624 0
0.00421311 -0.00428624 1
0.00421311 -0.00428624 0
0.00421311 -0.00428624 0
0.00421311 -0.00428624 0
0.0042131 -0.00428624 0
0.00421311 -0.00428625 0
0.00421311 -0.00428624 0
0.0042131 -0.00428624 0
0.00421311 -0.00428624 0
0.00421311 -0.00428624 1
0.00421311 -0.00428625 0
0.00421311 -0.00428625 0
0.00421311 -0.00428625 0
0.00421311 -0.00428624 0
0.00421311 -0.00428625 0
0.00421311 -0.00428625 0
0.00421311 -0.00428625 0
0.0042131 -0.00428624 0
0.00421311 -0.00428624 0
0.0042131 -0.00428624 0
0.00421311 -0.00428624 0
0.00421311 -0.00428624 1
0.00421311 -0.00428624 0
0.00421311 -0.00428624 1
0.00421311 -0.00428624 0
0.00421311 -0.00428625 0
0.00421311 -0.00428625 0
0.00421311 -0.00428624 0
0.00421311 -0.00428625 0
0.00421311 -0.00428624 1
0.00421311 -0.00428624 0
0.00421311 -0.00428624 0
0.00421311 -0.00428624 0
0.00421311 -0.00428624 0
0.00421311 -0.00428624 0
0.00421311 -0.00428624 0
0.00421311 -0.00428624 1
