-2.73381e-10 1.72978e-09 0
-7.26365e-09 -3.13193e-09 0
-3.07568e-08 1.4453e-08 1
-8.31995e-09 -3.66506e-09 1
-6.83711e-09 -1.43025e-08 0
-1.82053e-08 -2.34184e-08 0
1.88137e-08 1.47393e-08 0
7.72298e-09 3.24063e-09 0
-1.71464e-08 6.72918e-09 0
3.04877e-09 -5.60309e-09 0
-2.95926e-08 -5.40003e-09 0
1.98091e-08 -9.07231e-09 0
7.21336e-10 1.96057e-08 0
-1.63133e-08 2.22631e-08 1
-3.60111e-08 -1.18798e-08 0
-1.98184e-08 2.59169e-09 0
-8.99818e-09 -1.15654e-08 0
6.16272e-09 -1.11785e-08 0
1.39184e-08 -1.45097e-08 0
5.36085e-09 1.32271e-09 0
-5.40744e-09 5.7376e-09 0
6.20921e-09 -9.57355e-09 0
-5.98085e-09 1.32566e-08 0
3.94912e-09 9.40076e-10 0
-7.63316e-09 -1.59421e-08 0
-1.9141e-08 5.40047e-09 0
2.5678e-08 -1.35041e-08 0
-6.6803e-09 9.88046e-09 0
1.53754e-09 -3.45454e-08 0
6.71072e-09 -1.82103e-08 0
9.83801e-10 2.47655e-08 0
-1.05312e-09 8.04508e-09 0
3.40756e-08 -4.8908e-09 1
-1.7001e-08 1.74457e-09 0
-1.38694e-08 -6.27102e-09 0
6.71984e-09 -2.55143e-09 0
2.22442e-09 -1.87045e-08 0
-3.7934e-09 9.09359e-09 0
-2.61289e-08 -1.31119e-08 0
4.20369e-09 -1.69032e-08 0
1.13813e-08 -9.19763e-09 0
4.75751e-09 -1.45686e-09 0
-9.71485e-09 -4.21152e-09 0
-1.18934e-08 6.00512e-09 0
-1.36372e-08 -1.25161e-08 1
-1.25545e-10 -4.88082e-09 0
-1.12204e-08 -7.49271e-09 0
-2.25209e-09 1.09799e-09 0
9.07361e-09 -9.07994e-09 0
1.15005e-08 -1.42265e-08 0
-6.33269e-09 -8.15579e-10 0
-1.66974e-08 7.00656e-11 0
1.54568e-08 -6.23415e-09 0
-1.43978e-08 2.02107e-09 0
2.25919e-09 -1.2202e-08 0
-3.23398e-09 -6.70539e-09 0
-1.70394e-08 -8.35363e-09 0
-3.61835e-09 8.07853e-09 0
-4.62654e-09 -1.01894e-08 0
-2.3489e-08 -3.34253e-09 0
-4.24323e-09 4.00666e-09 0
-3.7388e-09 1.11832e-08 0
-2.5271e-08 -1.34448e-09 0
1.93402e-09 -8.36641e-09 0
3.49101e-09 -1.15058e-08 0
1.70258e-09 7.59969e-09 0
1.18377e-08 -3.65319e-09 0
-9.07632e-09 -1.6473e-09 0
-4.6279e-09 -2.00392e-08 0
-2.16784e-09 -2.5178e-08 0
6.34759e-10 -3.34861e-08 0
-1.19097e-08 -1.41062e-08 0
1.34486e-08 5.1589e-10 0
-8.33827e-09 9.57053e-09 0
-6.06688e-09 -2.6264e-08 1
-2.91781e-08 -1.09488e-08 0
-1.1229e-09 -7.81315e-10 0
-5.8756e-09 -4.23272e-08 0
-2.51538e-08 1.23819e-09 0
-4.67561e-09 1.25337e-08 0
-1.26636e-09 -2.92069e-08 0
-1.12035e-08 -3.03817e-08 0
-1.76105e-08 1.31642e-09 0
8.03456e-09 -8.63253e-09 0
-1.30979e-09 -1.30712e-08 0
-1.48046e-08 -1.41506e-08 0
-7.90668e-09 -2.37279e-08 0
-1.59311e-08 8.50625e-09 1
2.26374e-08 2.59037e-08 0
-1.40148e-08 -1.80211e-08 0
-1.14882e-08 -1.61399e-08 0
7.85694e-09 1.16467e-08 0
-2.05784e-08 -1.31903e-08 0
2.86635e-08 1.52215e-08 0
-1.94868e-08 1.56898e-09 0
-2.27841e-09 -2.13408e-08 0
-3.06581e-08 1.63817e-08 1
-5.38665e-09 1.05161e-09 0
-1.4472e-08 -9.51755e-09 0
-1.69298e-08 -3.06717e-09 0
-7.05415 -16.3923 0
-10.78 -21.4803 1
-9.98156 -21.0882 0
-3.35398 -21.6429 0
-7.09528 -24.8628 0
-8.52579 -16.9276 0
-14.9085 -23.1226 0
-11.7171 -18.8637 0
-9.96766 -16.8315 1
-11.1013 -20.0606 0
-9.71816 -17.2464 0
-11.4051 -15.8351 0
-10.78 -21.4803 1
-9.96766 -16.8315 1
-11.0962 -19.5923 0
-7.25161 -16.7566 0
-14.9652 -25.7349 0
-11.6893 -18.6896 0
-8.50989 -16.8819 0
-11.451 -21.0378 0
-9.76159 -16.0673 0
-8.12377 -17.5032 0
-11.082 -19.978 0
-7.25161 -16.7566 0
-3.74668 -21.7478 1
-13.4982 -22.1631 0
-7.62795 -17.8729 0
-14.3211 -22.3616 0
-7.62795 -17.8729 0
-11.082 -19.978 0
-11.7171 -18.8637 0
-9.90255 -20.4144 0
-2.06728 -21.6638 0
-12.5945 -22.5865 0
-9.76159 -16.0673 0
-1.96665 -21.9692 0
-8.82808 -15.9673 0
-3.49854 -22.1986 0
-8.8713 -15.9416 0
-13.2585 -20.3394 0
-10.8116 -21.2395 1
-9.17103 -17.7459 0
-11.5298 -16.0447 0
-11.6893 -18.6896 0
-8.42188 -18.8496 1
-8.18951 -16.6863 0
-3.47983 -20.7216 0
-8.82808 -15.9673 0
-12.2973 -15.5376 0
-8.30781 -17.8107 0
-9.81754 -19.076 1
-11.1648 -17.5858 0
-7.15856 -25.1527 0
-8.30781 -17.8107 0
-3.30998 -21.4403 1
-8.18951 -16.6863 0
-8.97427 -17.9161 0
-13.9262 -19.5937 0
-3.30998 -21.4403 1
-12.5482 -19.6087 0
-3.55693 -21.9096 1
-14.6225 -25.8791 0
-10.7272 -21.4277 1
-8.12377 -17.5032 0
-6.89066 -16.3604 0
-13.6354 -21.2359 0
-11.9064 -15.7549 0
-7.05415 -16.3923 0
-8.1757 -18.5386 1
-9.56643 -17.4125 0
-9.95571 -21.0724 0
-11.4583 -21.0893 0
-12.2973 -15.5376 0
-12.6139 -22.3229 0
-14.3862 -22.9147 0
-12.236 -15.4232 0
-11.8461 -17.1092 0
-11.1779 -20.0627 0
-3.46866 -22.028 0
-8.1757 -18.5386 1
-11.0962 -19.5923 0
-12.6139 -22.3229 0
-9.15621 -15.9084 0
-9.74811 -17.2287 0
-7.09528 -24.8628 0
-9.5783 -16.0415 0
-10.2395 -17.4403 0
-11.4051 -15.8351 0
-12.1857 -21.5214 0
-9.91348 -18.9586 1
-14.1417 -19.7598 0
-13.0213 -20.3241 0
-14.1417 -19.7598 0
-8.42188 -18.8496 1
-12.5945 -22.5865 0
-13.0213 -20.3241 0
-1.92563 -21.7158 0
-9.50708 -20.6846 0
-8.38343 -16.8833 0
-7.33676 -17.6435 0
-5.25298e-09 1.20806e-09 0
-7.44169e-09 -1.85322e-09 0
2.31679e-10 -5.34426e-09 0
-9.43535e-09 -5.40028e-10 0
-2.99791e-09 -6.39501e-10 0
-5.09502e-09 1.59348e-09 0
-3.10055e-09 -1.82732e-09 0
-4.30546e-09 -3.14222e-10 0
-4.96056e-09 -8.97488e-10 1
-9.75232e-09 -8.85725e-10 0
-6.92911e-09 -2.09792e-09 0
-6.00981e-09 -5.08824e-09 1
2.2098e-10 -6.16057e-09 0
-7.21605e-09 -2.14567e-09 0
-4.7435e-09 -5.69947e-09 1
-5.25298e-09 1.20806e-09 0
-2.0982e-09 -9.843e-10 0
-8.92827e-09 -2.08229e-09 0
-6.91903e-09 1.63954e-09 0
-2.84026e-09 1.32593e-10 0
-2.99791e-09 -6.39501e-10 0
-4.78763e-09 -2.06584e-09 1
-4.96056e-09 -8.97488e-10 1
-5.92977e-09 -3.64313e-11 1
-3.58689e-09 -1.7845e-09 0
-4.41237e-09 1.31577e-10 0
-8.80641e-10 -4.93681e-09 0
-4.82459e-09 -1.27717e-09 0
-9.32306e-09 -3.93142e-09 0
-4.78763e-09 -2.06584e-09 1
-4.51771e-09 3.71897e-10 0
-4.39264e-09 7.17323e-10 0
-7.25067e-09 -1.97998e-09 0
-3.35549e-09 -1.38549e-10 0
-8.42724e-09 -2.45014e-09 1
-7.00958e-09 2.22218e-09 0
-3.62812e-09 -7.49822e-11 0
-4.30546e-09 -3.14222e-10 0
-4.82459e-09 -1.27717e-09 0
-3.68163e-09 -1.56107e-09 0
-7.81141e-09 -8.32205e-10 0
-3.63452e-09 -1.6419e-10 0
-2.69497e-09 -8.87076e-10 1
-6.82569e-09 2.25789e-10 0
-3.18862e-09 -1.666e-09 0
1.24472e-09 -3.55265e-09 0
-2.244e-09 -1.8797e-10 0
-7.26545e-09 1.37238e-09 0
-6.35996e-09 8.85736e-11 0
-6.67541e-09 -1.7887e-11 0
-7.69661e-09 1.74171e-09 0
-3.35549e-09 -1.38549e-10 0
-3.62812e-09 -7.49822e-11 0
-7.21605e-09 -2.14567e-09 0
-7.91642e-09 1.40402e-09 0
-4.08942e-09 -5.43696e-09 0
-5.64222e-09 3.2621e-09 0
-7.44169e-09 -1.85322e-09 0
-9.77701e-09 -1.97909e-09 0
-3.68163e-09 -1.56107e-09 0
-6.00981e-09 -5.08824e-09 1
-1.4815e-09 -3.94763e-09 0
1.24472e-09 -3.55265e-09 0
-2.79652e-09 -6.05609e-10 1
6.64289e-10 -5.79756e-09 0
-7.28262e-09 -8.8032e-10 0
-5.04167e-09 -2.1574e-09 0
-4.41237e-09 1.31577e-10 0
-2.74033e-09 -5.22374e-10 0
-5.76838e-09 1.55602e-09 0
-6.98412e-09 3.05807e-10 0
-5.45276e-09 -4.02372e-09 0
-6.00103e-09 -3.18344e-10 0
-6.82569e-09 2.25789e-10 0
-7.30984e-09 -7.45018e-10 0
-6.10348e-09 -5.8981e-10 0
-7.00958e-09 2.22218e-09 0
-7.91642e-09 1.40402e-09 0
-7.26545e-09 1.37238e-09 0
-6.10348e-09 -5.8981e-10 0
-5.76838e-09 1.55602e-09 0
-2.74033e-09 -5.22374e-10 0
-9.1851e-09 7.16025e-10 0
-4.91269e-09 -2.63267e-09 0
-6.48342e-09 -1.52373e-09 0
-4.17052e-09 -5.91996e-09 1
-3.36571e-09 -1.72178e-09 0
2.2098e-10 -6.16057e-09 0
-3.94016e-09 -5.65269e-10 0
-6.16019e-09 3.02677e-09 0
-9.1851e-09 7.16025e-10 0
-5.09502e-09 1.59348e-09 0
-6.85356e-09 -4.05567e-09 0
-2.67582e-09 -5.43972e-10 0
-3.29032e-09 -1.63161e-09 0
-1.45334e-09 -3.95955e-09 0
-5.7548e-09 2.33743e-09 0
-3.63452e-09 -1.6419e-10 0
-2.244e-09 -1.8797e-10 0
-8.01257e-09 -9.02963e-10 0
-2.19073e-09 -5.96194e-09 0
-3.35232e-08 -3.40166e-09 0
-9.49577e-09 5.32563e-09 0
-2.40039e-08 -2.67221e-09 0
-4.97407e-08 -1.10357e-08 0
-2.90387e-09 1.46816e-09 0
1.01163e-09 -1.12083e-08 0
4.15876e-10 4.04436e-09 0
-3.52867e-09 4.25809e-10 0
-1.2701e-08 -1.58333e-08 0
1.32103e-09 -6.70944e-09 0
-6.37286e-10 2.02581e-08 0
-8.83979e-09 -3.18886e-08 0
-1.76672e-08 -2.32782e-08 0
-1.30825e-08 4.55262e-10 0
3.94184e-09 -4.18184e-09 0
-1.43603e-10 -9.29437e-09 0
-1.39409e-08 -2.64114e-08 0
-2.11926e-08 -1.95177e-08 0
-5.70409e-09 1.15926e-08 0
2.64118e-09 -1.40945e-09 0
2.13461e-08 -5.19912e-09 0
-2.44108e-08 2.23395e-08 0
4.81134e-09 4.98138e-09 0
7.63685e-09 -1.70626e-08 0
-1.20021e-08 -4.50129e-09 1
1.8148e-08 1.83344e-08 0
-6.16549e-10 7.28006e-09 0
-1.20446e-08 -3.34202e-08 0
9.62067e-10 -1.25861e-08 0
1.69327e-10 2.03858e-09 0
-8.53149e-09 -1.50395e-08 0
1.09763e-09 -3.26366e-09 0
1.22676e-09 -2.86613e-08 0
-1.34608e-08 -1.58447e-08 0
1.28608e-08 -1.61332e-08 0
-3.72961e-09 1.90062e-08 0
-7.67217e-09 9.20801e-09 0
-5.10593e-09 1.0872e-08 0
-1.16151e-08 -4.03056e-08 0
5.74792e-09 -2.8706e-08 1
2.87547e-08 -3.06591e-08 0
-5.33103e-09 -1.9419e-08 0
-2.87535e-09 2.6811e-09 0
2.16825e-08 -1.23691e-08 0
-2.00563e-08 7.8848e-09 0
-9.31717e-09 -3.50204e-09 0
-1.46988e-08 -6.38943e-09 0
-2.76117e-09 -2.08725e-08 0
-8.96557e-09 1.86784e-08 0
5.9165e-09 -3.28045e-09 0
-3.66621e-08 2.31197e-08 1
2.49355e-09 -1.12002e-08 0
7.64934e-09 -2.54544e-08 1
-3.08324e-08 -2.15118e-08 0
-2.69505e-09 9.5516e-09 0
-8.56643e-09 -1.86542e-08 0
9.79471e-09 8.80574e-09 0
5.75793e-09 -8.12276e-09 0
-3.65869e-09 -1.39522e-08 0
-1.0093e-08 -2.76505e-08 0
-1.23611e-08 3.56741e-09 0
-1.62765e-09 5.14119e-10 0
4.83413e-09 1.43989e-08 0
7.61215e-09 1.57101e-08 0
-1.57808e-08 -1.73111e-08 0
-1.20648e-08 -5.14458e-09 0
-4.1854e-08 1.81478e-09 0
1.31763e-08 7.75483e-09 0
-8.19421e-10 -4.21719e-09 0
1.57265e-09 -8.79153e-09 0
-1.65896e-08 -9.27032e-09 0
1.02119e-08 2.57646e-08 0
6.60254e-09 -1.56953e-08 0
-1.4949e-08 1.37993e-08 0
-2.58583e-08 -1.03879e-08 0
-5.1625e-09 -1.0966e-08 0
-2.17095e-08 -1.90841e-08 0
-1.31368e-08 2.22168e-08 0
1.25246e-08 7.7545e-09 0
-1.36935e-09 3.01005e-09 0
-1.01839e-08 -2.84396e-08 0
7.90911e-09 -3.7578e-09 0
2.61371e-08 -8.63101e-09 0
-1.40376e-09 4.78404e-09 0
-1.60409e-08 -5.31501e-10 0
-1.86299e-10 9.19727e-09 0
-1.63449e-08 -3.67664e-08 0
-8.1314e-09 -1.00463e-08 0
5.09256e-09 1.08331e-08 0
-1.44361e-09 -4.32671e-08 0
-5.90429e-10 -1.62707e-08 0
-3.50045e-08 -8.89451e-09 0
-1.21223e-08 5.76775e-09 0
-1.57844e-09 1.6316e-08 0
1.54054e-08 -2.32519e-08 0
-7.03943e-09 2.03169e-08 0
3.34639e-08 -3.34396e-09 1
9.13083e-09 -7.53864e-09 0
1.95205e-08 7.02759e-09 0
0.0018 -0.00217143 0
0.0018 -0.00217144 0
0.0018 -0.00217143 1
0.0018 -0.00217144 0
0.0018 -0.00217143 0
0.0018 -0.00217143 0
0.0018 -0.00217144 0
0.0018 -0.00217144 0
0.0018 -0.00217143 0
0.0018 -0.00217143 0
0.00179999 -0.00217143 0
0.0018 -0.00217143 0
0.0018 -0.00217143 0
0.00179999 -0.00217143 0
0.00179999 -0.00217143 1
0.00179999 -0.00217143 0
0.0018 -0.00217144 0
0.0018 -0.00217143 0
0.0018 -0.00217143 0
0.0018 -0.00217144 0
0.0018 -0.00217143 0
0.0018 -0.00217143 0
0.0018 -0.00217144 0
0.0018 -0.00217143 0
0.0018 -0.00217143 0
0.0018 -0.00217143 0
0.0018 -0.00217143 0
0.00179999 -0.00217143 0
0.0018 -0.00217143 0
0.0018 -0.00217144 1
0.0018 -0.00217143 0
0.0018 -0.00217144 0
0.0018 -0.00217143 0
0.0018 -0.00217143 0
0.00179999 -0.00217143 0
0.0018 -0.00217143 1
0.0018 -0.00217143 0
0.0018 -0.00217143 0
0.0018 -0.00217144 0
0.0018 -0.00217144 0
0.0018 -0.00217144 0
0.0018 -0.00217143 0
0.0018 -0.00217143 0
0.00179999 -0.00217143 0
0.0018 -0.00217143 0
0.0018 -0.00217143 1
0.0018 -0.00217144 1
0.00179999 -0.00217143 1
0.0018 -0.00217143 0
0.0018 -0.00217143 0
0.0018 -0.00217143 0
0.0018 -0.00217143 1
0.00179999 -0.00217143 0
0.0018 -0.00217143 1
0.0018 -0.00217143 0
0.00179999 -0.00217143 0
0.0018 -0.00217143 0
0.0018 -0.00217144 0
0.0018 -0.00217143 0
0.0018 -0.00217143 0
0.0018 -0.00217143 0
0.0018 -0.00217143 0
0.0018 -0.00217143 0
0.00179999 -0.00217143 0
0.00179999 -0.00217143 0
0.0018 -0.00217144 0
0.0018 -0.00217143 0
0.0018 -0.00217143 1
0.0018 -0.00217143 0
0.0018 -0.00217143 0
0.0018 -0.00217143 0
0.0018 -0.00217143 1
0.0018 -0.00217143 0
0.0018 -0.00217143 0
0.0018 -0.00217143 0
0.0018 -0.00217143 0
0.00179999 -0.00217143 0
0.0018 -0.00217143 0
0.0018 -0.00217143 0
0.0018 -0.00217144 0
0.0018 -0.00217143 1
0.0018 -0.00217143 0
0.0018 -0.00217143 0
0.00179999 -0.00217143 0
0.0018 -0.00217143 0
0.0018 -0.00217143 0
0.0018 -0.00217144 0
0.0018 -0.00217143 0
0.0018 -0.00217143 0
0.0018 -0.00217143 1
0.0018 -0.00217144 0
0.0018 -0.00217143 0
0.0018 -0.00217143 1
0.00179999 -0.00217143 0
0.0018 -0.00217143 0
0.00179999 -0.00217143 0
0.0018 -0.00217143 0
0.0018 -0.00217144 0
0.00179999 -0.00217143 0
0.00179999 -0.00217143 0
0.00179998 -0.00217142 0
0.0018 -0.00217146 0
0.00179999 -0.00217143 0
0.0018 -0.00217144 0
0.00179999 -0.00217142 0
0.00180002 -0.00217143 0
0.00179999 -0.00217143 0
0.00180001 -0.00217143 0
0.00180002 -0.00217142 0
0.0018 -0.00217141 0
0.0018 -0.00217144 0
0.0018 -0.00217142 0
0.00180002 -0.00217145 0
0.0018 -0.00217144 0
0.0018 -0.00217143 0
0.00179997 -0.00217144 0
0.00179999 -0.00217144 0
0.0018 -0.00217142 0
0.0018 -0.00217144 0
0.00179999 -0.00217145 0
0.0018 -0.00217144 0
0.00179999 -0.00217143 0
0.0018 -0.00217143 0
0.00179998 -0.00217144 0
0.00179999 -0.00217143 0
0.00179999 -0.00217145 1
0.0018 -0.00217143 0
0.0018 -0.00217142 0
0.00180001 -0.00217143 0
0.00180001 -0.00217144 0
0.00179998 -0.00217144 0
0.00179999 -0.00217146 0
0.0018 -0.00217142 0
0.00180001 -0.00217143 0
0.00180001 -0.00217146 0
0.0018 -0.00217143 0
0.00180002 -0.00217143 1
0.00180002 -0.00217146 0
0.00180001 -0.00217143 0
0.00179998 -0.00217143 0
0.00180002 -0.00217144 0
0.00179996 -0.00217144 0
0.00179999 -0.00217143 0
0.0018 -0.00217143 1
0.00180003 -0.00217143 0
0.00179999 -0.00217143 0
0.00179998 -0.00217144 1
0.00180001 -0.00217142 0
0.0018 -0.00217143 0
0.00180002 -0.00217145 0
0.00180003 -0.00217145 0
0.00179999 -0.00217143 0
0.00179999 -0.00217142 0
0.00179998 -0.00217143 0
0.00180002 -0.00217143 0
0.00179999 -0.00217145 0
0.0018 -0.00217146 0
0.00179999 -0.00217142 0
0.00180001 -0.00217143 0
0.00180001 -0.00217144 0
0.00180001 -0.00217144 0
0.00179999 -0.00217143 0
0.0018 -0.00217142 0
0.00179999 -0.00217143 0
0.00179998 -0.00217146 0
0.00180001 -0.00217142 0
0.00179999 -0.00217145 0
0.0018 -0.00217143 0
0.00180001 -0.00217144 0
0.00180002 -0.00217143 0
0.00179998 -0.00217145 0
0.00180001 -0.00217143 0
0.0018 -0.00217143 0
0.0018 -0.00217142 0
0.00179999 -0.00217143 0
0.00180002 -0.00217143 0
0.0018 -0.00217145 0
0.00180002 -0.00217142 0
0.0018 -0.00217146 0
0.0018 -0.00217141 1
0.0018 -0.00217141 0
0.00180001 -0.00217143 0
0.0018 -0.00217142 0
0.00179999 -0.00217145 0
0.0018 -0.00217143 0
0.0018 -0.00217142 0
0.00179998 -0.00217142 0
0.00179999 -0.00217144 0
0.0018 -0.00217145 0
0.00179999 -0.00217144 0
0.0018 -0.00217144 0
0.00179998 -0.00217144 0
0.00180003 -0.00217145 0
0.00179996 -0.00217142 0
0.00180001 -0.00217142 0
0.0018 -0.00217144 1
0.00180001 -0.00217144 0
0.0018 -0.00217141 0
0.00179999 -0.00217143 0
0.00179999 -0.00217143 1
0.00513603 -0.00613275 1
0.00513603 -0.00613275 1
0.00513603 -0.00613276 0
0.00513603 -0.00613275 0
0.00513603 -0.00613275 0
0.00513603 -0.00613275 1
0.00513603 -0.00613276 0
0.00513603 -0.00613275 0
0.00513603 -0.00613276 1
0.00513603 -0.00613275 0
0.00513603 -0.00613275 0
0.00513603 -0.00613275 0
0.00513603 -0.00613276 1
0.00513603 -0.00613275 0
0.00513603 -0.00613275 0
0.00513603 -0.00613275 0
0.00513603 -0.00613275 0
0.00513603 -0.00613275 0
0.00513603 -0.00613275 0
0.00513603 -0.00613275 0
0.00513603 -0.00613275 0
0.00513603 -0.00613275 0
0.00513603 -0.00613275 0
0.00513603 -0.00613275 1
0.00513603 -0.00613275 0
0.00513603 -0.00613275 0
0.00513603 -0.00613275 0
0.00513603 -0.00613276 0
0.00513603 -0.00613275 0
0.00513603 -0.00613276 0
0.00513603 -0.00613275 0
0.00513603 -0.00613275 0
0.00513603 -0.00613275 0
0.00513603 -0.00613275 0
0.00513602 -0.00613275 0
0.00513603 -0.00613275 1
0.00513603 -0.00613275 0
0.00513603 -0.00613275 0
0.00513603 -0.00613275 1
0.00513603 -0.00613275 0
0.00513603 -0.00613276 0
0.00513603 -0.00613275 0
0.00513603 -0.00613275 0
0.00513603 -0.00613275 0
0.00513603 -0.00613275 0
0.00513603 -0.00613275 0
0.00513603 -0.00613275 0
0.00513603 -0.00613275 0
0.00513603 -0.00613276 0
0.00513603 -0.00613275 0
0.00513603 -0.00613276 0
0.00513603 -0.00613275 0
0.00513603 -0.00613275 0
0.00513603 -0.00613275 0
0.00513603 -0.00613275 0
0.00513603 -0.00613275 0
0.00513603 -0.00613275 0
0.00513603 -0.00613275 0
0.00513603 -0.00613275 0
0.00513603 -0.00613276 0
0.00513603 -0.00613275 0
0.00513603 -0.00613275 0
0.00513603 -0.00613275 0
0.00513603 -0.00613275 0
0.00513603 -0.00613275 0
0.00513603 -0.00613275 0
0.00513602 -0.00613275 0
0.00513602 -0.00613275 0
0.00513603 -0.00613275 0
0.00513603 -0.00613276 0
0.00513603 -0.00613275 0
0.00513603 -0.00613275 0
0.00513603 -0.00613276 0
0.00513603 -0.00613276 1
0.00513603 -0.00613276 0
0.00513603 -0.00613275 0
0.00513602 -0.00613275 0
0.00513603 -0.00613275 1
0.00513603 -0.00613275 1
0.00513603 -0.00613275 0
0.00513603 -0.00613275 0
0.00513603 -0.00613275 1
0.00513603 -0.00613276 0
0.00513604 -0.00613276 0
0.00513603 -0.00613275 0
0.00513603 -0.00613276 0
0.00513604 -0.00613276 0
0.00513603 -0.00613275 0
0.00513603 -0.00613275 0
0.00513603 -0.00613275 0
0.00513603 -0.00613276 1
0.00513603 -0.00613275 0
0.00513603 -0.00613275 1
0.00513603 -0.00613275 0
0.00513603 -0.00613275 0
0.00513603 -0.00613275 0
0.00513603 -0.00613275 0
0.00513603 -0.00613275 0
0.00513603 -0.00613275 0
0.00513603 -0.00613275 0
0.00513603 -0.00613275 0
0.00513603 -0.00613275 0
0.00513603 -0.00613276 1
0.00513603 -0.00613276 0
0.00513603 -0.00613275 0
0.00513603 -0.00613275 0
0.00513603 -0.00613275 0
0.00513604 -0.00613276 0
0.00513603 -0.00613275 0
0.00513603 -0.00613275 0
0.00513603 -0.00613275 0
0.00513603 -0.00613275 0
0.00513603 -0.00613275 0
0.00513603 -0.00613276 0
0.00513603 -0.00613275 0
0.00513603 -0.00613275 0
0.00513603 -0.00613275 0
0.00513603 -0.00613275 0
0.00513603 -0.00613276 0
0.00513603 -0.00613275 0
0.00513603 -0.00613276 0
0.00513603 -0.00613275 0
0.00513603 -0.00613275 0
0.00513603 -0.00613275 0
0.00513603 -0.00613275 0
0.00513603 -0.00613275 0
0.00513603 -0.00613276 0
0.00513602 -0.00613275 0
0.00513603 -0.00613275 0
0.00513603 -0.00613275 0
0.00513603 -0.00613276 1
0.00513604 -0.00613276 0
0.00513603 -0.00613275 0
0.00513603 -0.00613275 1
0.00513602 -0.00613275 0
0.00513603 -0.00613275 0
0.00513603 -0.00613276 1
0.00513603 -0.00613275 0
0.00513603 -0.00613275 0
0.00513603 -0.00613275 0
0.00513603 -0.00613275 0
0.00513603 -0.00613275 0
0.00513603 -0.00613275 0
0.00513603 -0.00613276 0
0.00513603 -0.00613275 0
0.00513603 -0.00613275 0
0.00513603 -0.00613275 0
0.00513603 -0.00613276 0
0.00513603 -0.00613276 0
0.00513602 -0.00613275 0
0.00513603 -0.00613275 0
0.00513603 -0.00613275 0
0.00513603 -0.00613275 0
0.00513603 -0.00613276 0
0.00513603 -0.00613275 0
0.00513603 -0.00613276 0
0.00513603 -0.00613276 0
0.00513603 -0.00613275 0
0.00513603 -0.00613275 0
0.00513603 -0.00613276 0
0.00513603 -0.00613275 0
0.00513603 -0.00613275 0
0.00513603 -0.00613275 1
0.00513603 -0.00613276 0
0.00513603 -0.00613275 0
0.00513603 -0.00613275 1
0.00513603 -0.00613275 0
0.00513603 -0.00613276 1
0.00513603 -0.00613275 0
0.00513603 -0.00613275 0
0.00513603 -0.00613276 1
0.00513603 -0.00613276 0
0.00513603 -0.00613275 0
0.00513603 -0.00613275 1
0.00513603 -0.00613275 0
0.00513603 -0.00613276 1
0.00513603 -0.00613275 0
0.00513603 -0.00613275 0
0.00513603 -0.00613275 0
0.00513603 -0.00613276 0
0.00513603 -0.00613276 1
0.00513603 -0.00613275 0
0.00513603 -0.00613276 1
0.00513603 -0.00613275 0
0.00513603 -0.00613275 0
0.00513603 -0.00613275 0
0.00513603 -0.00613276 0
0.00513603 -0.00613275 0
0.00513603 -0.00613275 0
0.00513603 -0.00613275 0
0.00513604 -0.00613276 0
0.00513603 -0.00613275 1
0.00513603 -0.00613276 0
0.00513604 -0.00613276 0
0.00513603 -0.00613275 0
0.00513603 -0.00613275 1
0.00513603 -0.00613275 0
0.00513603 -0.00613275 0
0.00513603 -0.00613275 0
0.00513603 -0.00613275 0
