-1.09492e-08 6.30502e-09 1.13797e-08 -1.73531e-08 -3.17627e-09 1.72978e-09 -3.77003e-09 2
-8.86888e-09 6.52756e-09 3.57535e-08 2.59661e-08 2.53406e-08 -3.13193e-09 -4.38949e-09 4
-3.13603e-08 1.33968e-08 -6.24429e-10 -5.99254e-10 -1.85708e-08 1.4453e-08 -2.83544e-08 5
1.17571e-08 -1.91808e-09 2.07674e-08 2.15051e-08 2.36216e-08 -3.66506e-09 -7.41787e-09 5
3.2619e-08 -2.13907e-08 2.44249e-08 4.98763e-08 1.03906e-09 -1.43025e-08 -4.69164e-08 3
5.98071e-09 1.46049e-08 -9.95249e-09 2.68916e-08 -6.002e-09 -2.34184e-08 -9.75186e-10 2
4.34837e-09 -1.61772e-08 1.6733e-08 1.4177e-08 5.92182e-09 1.47393e-08 8.94889e-09 2
1.0021e-08 -1.06139e-08 -1.44697e-08 1.65604e-08 -1.28002e-08 3.24063e-09 -1.42961e-08 2
-2.15964e-09 -1.02037e-08 4.84265e-09 1.69612e-08 1.88074e-08 6.72918e-09 -4.45568e-09 2
1.51795e-09 -7.22161e-10 3.33123e-09 3.10887e-08 2.0198e-08 -5.60309e-09 -7.365e-09 4
1.86013e-08 -3.24911e-08 7.07007e-09 -1.18486e-08 1.8068e-08 -5.40003e-09 -2.13273e-08 6
1.66914e-08 2.78605e-09 -2.4433e-08 4.8859e-08 2.77113e-08 -9.07231e-09 -1.36375e-08 4
4.5432e-09 -1.09047e-09 4.36809e-09 2.1671e-08 6.44939e-09 1.96057e-08 -1.69919e-08 0
-1.82225e-08 -2.20623e-08 3.14188e-09 -3.69356e-09 -4.52215e-09 2.22631e-08 -4.39781e-09 5
1.31178e-08 -1.63749e-08 -1.43849e-08 6.32124e-09 9.11229e-09 -1.18798e-08 8.04614e-11 4
3.79803e-09 -1.58323e-08 -1.42585e-08 2.04913e-08 1.69e-09 2.59169e-09 -1.39217e-08 2
8.58313e-09 -4.48877e-09 3.82971e-09 7.50375e-10 2.6364e-08 -1.15654e-08 -2.44491e-08 4
1.14175e-08 -1.37478e-08 4.23308e-09 3.82013e-08 3.49622e-08 -1.11785e-08 1.14582e-08 0
1.63332e-08 9.40235e-09 6.37884e-10 -8.29913e-10 -8.85525e-09 -1.45097e-08 -1.67531e-08 1
-1.49341e-09 -3.75384e-09 1.21167e-09 2.55445e-08 2.33717e-08 1.32271e-09 2.83384e-09 6
2.34818e-08 -1.90749e-08 1.63982e-08 1.05575e-08 1.70924e-08 5.7376e-09 -1.56642e-08 4
1.98605e-09 -1.12289e-08 -4.69669e-12 1.10675e-08 1.55117e-09 -9.57355e-09 -2.14132e-08 6
2.14931e-08 3.70207e-09 8.6733e-09 1.52226e-08 2.43739e-08 1.32566e-08 -2.35209e-08 6
-2.50478e-08 -8.94956e-09 2.44687e-10 1.6628e-09 3.09287e-08 9.40076e-10 -2.2159e-08 0
2.91023e-09 -2.85263e-08 1.09578e-08 3.35407e-08 1.25289e-08 -1.59421e-08 -2.48812e-08 0
-1.52772e-08 -3.67231e-08 -3.022e-09 1.96662e-08 2.2958e-08 5.40047e-09 -2.94191e-08 0
-1.88598e-08 5.66003e-09 -8.94369e-09 1.68383e-08 1.05778e-08 -1.35041e-08 -4.50894e-09 6
-2.9068e-09 -2.54346e-08 2.56225e-08 2.88201e-08 7.0734e-09 9.88046e-09 -1.54542e-08 2
4.26558e-09 -8.18328e-09 -1.65725e-08 3.70542e-08 -4.64041e-09 -3.45454e-08 -2.0702e-08 0
1.69375e-08 -3.1552e-08 5.55125e-09 1.37946e-08 7.01012e-09 -1.82103e-08 -2.84057e-08 6
-9.23354e-09 -1.26986e-08 -4.3645e-09 2.73801e-08 -6.09123e-10 2.47655e-08 -1.78821e-08 3
2.62382e-08 3.98236e-09 1.08834e-08 9.55577e-09 -8.00153e-09 8.04508e-09 -3.70451e-09 0
1.77928e-08 -8.19153e-09 -2.45097e-08 3.53271e-08 2.08057e-09 -4.8908e-09 3.97845e-09 5
1.10345e-08 6.59623e-09 1.25933e-08 3.22989e-08 2.39804e-08 1.74457e-09 -3.09503e-09 6
-2.61231e-08 -2.29781e-08 -2.66256e-08 -8.34375e-09 2.13786e-08 -6.27102e-09 -1.65735e-08 6
8.21853e-09 3.70514e-09 -6.89124e-09 2.56261e-08 8.67133e-09 -2.55143e-09 -1.16736e-08 4
-1.67785e-08 -2.26687e-08 1.81029e-09 -7.44163e-09 8.7895e-09 -1.87045e-08 -4.50332e-09 6
1.23405e-08 -6.8222e-09 -2.63506e-09 2.84692e-08 6.651e-09 9.09359e-09 -1.28016e-08 0
-2.94355e-09 -1.8917e-08 -9.49351e-09 2.8102e-08 -1.13534e-08 -1.31119e-08 -2.50073e-08 3
-7.11307e-09 2.1118e-09 1.93446e-09 -7.36329e-09 -5.33633e-10 -1.69032e-08 2.63629e-08 6
1.67629e-08 1.1789e-08 7.851e-09 2.07325e-08 1.60046e-08 -9.19763e-09 2.58509e-08 4
-1.02371e-08 -2.15543e-08 6.16726e-10 -1.04167e-08 2.32258e-08 -1.45686e-09 -2.02396e-08 6
-8.47609e-09 -2.28974e-08 -2.18618e-08 -5.36782e-09 2.06676e-08 -4.21152e-09 1.13443e-08 3
-7.09946e-09 -3.25445e-08 3.46209e-08 -1.02809e-08 1.85398e-08 6.00512e-09 -8.11191e-09 6
-6.12111e-09 -6.74389e-09 -4.04376e-09 2.43884e-08 2.29422e-09 -1.25161e-08 -3.49205e-08 5
9.51463e-09 -6.29881e-09 -2.07869e-08 8.99144e-09 5.13152e-09 -4.88082e-09 -2.09633e-08 6
-1.38124e-08 -2.32455e-08 3.19837e-09 3.14357e-08 3.51439e-08 -7.49271e-09 -6.81681e-09 2
1.23002e-08 3.03166e-09 -2.67762e-09 2.17434e-08 2.92256e-09 1.09799e-09 -1.07143e-08 1
7.42432e-09 -3.42603e-08 -1.98038e-09 2.36263e-09 -3.45255e-08 -9.07994e-09 -3.53038e-08 2
-2.19933e-08 -2.22653e-08 -1.22552e-08 1.12685e-08 2.39948e-08 -1.42265e-08 -2.21261e-08 4
-2.27224e-08 -2.16818e-08 -1.2486e-08 1.66391e-09 -4.9708e-09 -8.15579e-10 1.05711e-09 6
-6.44129e-09 4.8315e-10 -2.4631e-09 7.49527e-09 2.44079e-08 7.00656e-11 -6.54334e-09 4
2.03507e-08 -8.35634e-09 1.26456e-09 3.61936e-08 -5.69521e-09 -6.23415e-09 -5.88424e-09 2
-1.05593e-08 -1.27298e-08 3.85268e-09 1.41819e-08 6.41129e-09 2.02107e-09 1.23142e-08 2
1.13422e-08 -4.77919e-09 3.91169e-09 4.30499e-09 5.5032e-10 -1.2202e-08 -1.41498e-08 2
-7.38682e-09 4.192e-09 1.59806e-08 -9.48458e-09 1.16122e-08 -6.70539e-09 6.27401e-09 6
-1.19856e-08 -2.29518e-08 1.82086e-08 5.76237e-08 2.33618e-08 -8.35363e-09 -5.59235e-08 0
-1.61305e-08 5.84068e-09 3.09893e-09 2.39055e-10 1.17349e-08 8.07853e-09 1.08932e-08 6
9.5519e-09 -2.84766e-08 1.36307e-09 1.5409e-08 5.72427e-09 -1.01894e-08 8.51872e-09 3
-8.06676e-09 -1.64875e-08 -2.28979e-09 2.78447e-08 8.25035e-09 -3.34253e-09 -1.83195e-08 0
4.88876e-08 -8.87706e-09 -1.00385e-08 1.98459e-08 1.12372e-08 4.00666e-09 1.39383e-08 0
1.08591e-08 -3.85019e-08 -9.35466e-09 1.09883e-08 1.20531e-08 1.11832e-08 -2.47835e-09 6
1.00144e-08 1.69766e-09 3.75413e-09 1.00526e-08 6.52293e-09 -1.34448e-09 9.29965e-09 2
2.62012e-09 -6.5142e-09 -7.22983e-09 6.65408e-09 2.64103e-08 -8.36641e-09 -1.7473e-08 6
1.62439e-08 1.31227e-08 2.43788e-08 -6.08711e-09 2.10217e-08 -1.15058e-08 3.4462e-09 0
3.37607e-08 -3.78379e-08 2.63856e-08 -1.681e-08 1.35414e-08 7.59969e-09 -6.41386e-10 2
-2.14112e-08 2.62992e-08 1.81808e-08 4.10681e-08 2.22155e-08 -3.65319e-09 -2.03598e-08 0
-1.57239e-09 -1.18045e-08 1.39801e-08 1.90943e-08 7.92862e-09 -1.6473e-09 -2.02322e-08 2
3.58817e-09 2.07313e-08 -4.53749e-09 3.55196e-08 4.46104e-08 -2.00392e-08 -1.64569e-08 2
1.07059e-09 -9.67057e-09 -3.11464e-08 4.06774e-08 -1.29781e-09 -2.5178e-08 -4.29277e-08 6
4.02837e-09 5.31342e-09 -6.12901e-09 2.05405e-08 1.23856e-08 -3.34861e-08 -4.05553e-09 0
-7.61748e-09 -6.05293e-09 -1.75159e-09 -1.55422e-09 -7.44185e-09 -1.41062e-08 9.30921e-09 6
1.35285e-09 -1.6439e-08 -2.02604e-08 1.52751e-09 4.83099e-09 5.1589e-10 -1.94248e-08 0
-5.793e-09 1.23657e-08 -1.58243e-09 2.41765e-08 5.13289e-09 9.57053e-09 1.73889e-08 2
-5.19631e-09 1.6961e-09 -2.26743e-08 1.27719e-08 9.75777e-09 -2.6264e-08 -7.43482e-09 5
3.63274e-08 -1.47574e-08 7.48374e-10 2.71131e-08 4.19553e-08 -1.09488e-08 5.65155e-09 6
3.69827e-09 -8.72048e-09 -3.71666e-08 7.13147e-09 3.1272e-08 -7.81315e-10 3.11035e-09 2
2.27224e-08 -1.72274e-08 2.45906e-10 8.04211e-09 4.48951e-08 -4.23272e-08 -3.01516e-08 0
-1.54376e-08 -2.90492e-10 -1.08068e-08 -4.39585e-09 3.821e-09 1.23819e-09 -2.98679e-08 6
1.52791e-09 6.34071e-09 -1.0334e-08 1.9515e-09 3.20253e-08 1.25337e-08 -2.2766e-08 2
-2.03909e-09 1.32446e-08 -6.75722e-09 9.99738e-09 3.48901e-08 -2.92069e-08 1.35158e-09 2
2.00618e-08 -3.49157e-08 2.43722e-10 2.8691e-08 1.70078e-08 -3.03817e-08 -4.61679e-08 1
-1.13015e-08 -2.63542e-08 8.9285e-09 1.92322e-08 3.86646e-09 1.31642e-09 -1.01796e-08 0
-1.66244e-08 6.02393e-09 -1.11853e-09 1.96253e-08 -5.9755e-09 -8.63253e-09 -4.02375e-09 0
2.62696e-08 -1.02862e-09 1.93381e-08 4.00561e-09 9.19121e-10 -1.30712e-08 1.19611e-08 6
-1.63839e-08 9.80785e-09 5.52135e-09 -6.59441e-09 -7.17267e-09 -1.41506e-08 -6.80998e-09 1
2.75063e-08 -1.72907e-08 -2.08009e-08 -1.31985e-08 2.18803e-08 -2.37279e-08 -6.01176e-09 6
9.72442e-09 -1.88255e-08 -2.99116e-09 1.29142e-08 1.92565e-08 8.50625e-09 -4.11655e-08 5
2.03734e-08 2.71521e-09 8.34053e-09 2.90111e-08 -1.72956e-09 2.59037e-08 -1.7888e-08 2
-3.11897e-09 -4.0211e-09 5.66321e-09 5.64775e-09 2.45242e-09 -1.80211e-08 2.56207e-09 2
1.10092e-08 1.19648e-08 -1.1723e-08 7.51398e-09 2.39344e-09 -1.61399e-08 -3.79575e-08 2
-2.39359e-09 -1.16594e-08 1.44334e-08 9.14377e-09 -2.4326e-09 1.16467e-08 -5.5034e-09 2
1.5192e-09 -1.25143e-08 -4.40411e-09 -6.83814e-09 5.4956e-10 -1.31903e-08 -2.92435e-08 4
2.66174e-08 9.99689e-12 7.10906e-09 2.31603e-08 1.91972e-08 1.52215e-08 2.44454e-08 3
2.01018e-08 -1.12286e-08 -1.86202e-08 5.53119e-08 1.40582e-08 1.56898e-09 -1.20464e-08 4
7.39198e-09 -2.82071e-08 -1.91203e-08 7.00473e-10 8.44796e-09 -2.13408e-08 -4.16623e-10 2
-1.24986e-08 -8.76378e-10 3.851e-09 -3.65455e-09 1.4464e-08 1.63817e-08 6.08017e-09 5
-8.13195e-09 -4.84019e-09 2.17622e-08 3.29092e-08 -5.25673e-09 1.05161e-09 -1.2534e-08 3
2.79764e-08 1.09219e-08 -3.62433e-09 1.96798e-08 3.16391e-08 -9.51755e-09 5.01574e-08 6
-1.05548e-08 -2.78436e-08 8.79255e-09 -1.74094e-09 2.44873e-08 -3.06717e-09 -1.77334e-08 6
12.7668 -36.9316 0.600176 -3.00943 -3.5938 -16.3923 -20.8086 4
10.041 -42.7554 -3.19251 -10.3071 0.461502 -21.4803 -24.8372 5
16.4947 -39.4661 0.428257 -5.79958 0.383653 -21.0882 -25.9162 0
8.56312 -44.5871 -7.16015 0.697896 -0.144663 -21.6429 -16.3882 1
12.3486 -44.5565 -2.34359 -3.84079 -0.15679 -24.8628 -12.7238 6
12.3319 -38.2342 -0.0241269 -3.92047 -2.10824 -16.9276 -21.4249 6
10.5942 -44.9472 -1.73776 -5.46217 5.24302 -23.1226 -28.4716 4
11.9275 -37.1196 1.26443 -3.23422 -1.67259 -18.8637 -22.9242 4
14.2347 -38.6103 -1.02538 -5.71594 -4.3575 -16.8315 -20.3063 5
10.54 -42.0548 -2.52294 -9.31886 1.45755 -20.0606 -25.2992 2
13.3495 -34.492 -1.79124 -2.53046 -1.61479 -17.2464 -21.0221 4
15.0013 -35.714 0.745216 -3.15988 -2.72273 -15.8351 -20.3164 0
10.041 -42.7554 -3.19251 -10.3071 0.461502 -21.4803 -24.8372 5
14.2347 -38.6103 -1.02538 -5.71594 -4.3575 -16.8315 -20.3063 5
13.1832 -35.0628 -2.1378 -0.867909 -0.628298 -19.5923 -20.852 6
12.7167 -37.2614 0.259653 -2.96264 -3.38206 -16.7566 -21.5781 0
11.1616 -46.7006 -1.10786 -7.51844 3.05662 -25.7349 -23.9455 6
12.2308 -37.1622 0.949782 -3.5492 -1.2904 -18.6896 -22.69 4
9.49877 -33.8924 0.54814 -3.79665 -1.06495 -16.8819 -21.2739 4
10.7253 -41.4442 -2.0712 -8.6386 0.601633 -21.0378 -24.1837 3
10.046 -35.0162 -1.84569 -8.02049 -0.428141 -16.0673 -20.0462 1
14.6237 -38.2663 0.0807551 -7.76898 -2.25222 -17.5032 -18.4142 2
10.5556 -42.0419 -2.7102 -9.09518 1.35524 -19.978 -25.272 2
12.7167 -37.2614 0.259653 -2.96264 -3.38206 -16.7566 -21.5781 0
10.1989 -48.8087 -7.44521 -0.920527 0.914608 -21.7478 -17.1864 5
11.6297 -43.9625 -0.485596 -5.48965 4.47763 -22.1631 -25.9182 2
13.2803 -35.2862 -0.711031 -3.62712 -1.96326 -17.8729 -19.0498 1
10.8092 -44.9765 -1.6975 -6.02547 4.61755 -22.3616 -28.9724 4
13.2803 -35.2862 -0.711031 -3.62712 -1.96326 -17.8729 -19.0498 1
10.5556 -42.0419 -2.7102 -9.09518 1.35524 -19.978 -25.272 2
11.9275 -37.1196 1.26443 -3.23422 -1.67259 -18.8637 -22.9242 4
10.4703 -38.0509 0.0619008 -3.43369 -0.904032 -20.4144 -18.8407 6
9.25346 -50.3481 -8.42013 0.462671 1.23909 -21.6638 -15.9078 0
11.0958 -43.6681 -1.82654 -10.9988 2.24576 -22.5865 -22.703 6
10.046 -35.0162 -1.84569 -8.02049 -0.428141 -16.0673 -20.0462 1
9.22566 -50.7487 -8.51442 0.457943 1.40266 -21.9692 -15.9936 0
10.0745 -36.2085 0.137791 -6.11248 -2.0388 -15.9673 -21.2248 4
8.62006 -45.0853 -7.35427 0.603333 -0.317578 -22.1986 -16.3706 1
9.93244 -36.2089 0.0942472 -6.36147 -2.10646 -15.9416 -21.2764 4
13.1745 -40.8978 -1.24783 -7.44295 1.01309 -20.3394 -28.0479 4
10.3014 -42.6629 -3.28059 -10.2529 0.462321 -21.2395 -24.7182 5
13.5633 -37.5568 -0.49923 -5.9222 -2.81615 -17.7459 -20.1441 2
15.2418 -36.2842 0.891809 -3.1184 -2.88491 -16.0447 -20.6184 0
12.2308 -37.1622 0.949782 -3.5492 -1.2904 -18.6896 -22.69 4
10.8008 -36.9188 -0.34867 -3.30925 -2.62374 -18.8496 -20.3686 5
12.081 -37.9464 -0.160895 -3.68336 -2.16775 -16.6863 -21.1343 6
8.45917 -47.3036 -10.2019 -2.34771 2.20043 -20.7216 -16.5818 3
10.0745 -36.2085 0.137791 -6.11248 -2.0388 -15.9673 -21.2248 4
14.4878 -32.7628 -2.39078 -2.48325 -2.70656 -15.5376 -18.8615 3
14.3962 -37.603 -0.316547 -7.23532 -2.30381 -17.8107 -18.9123 2
14.9596 -36.9596 -3.28246 -3.62469 -0.469052 -19.076 -18.1765 5
12.5981 -33.4726 -1.34214 -3.3448 -0.886769 -17.5858 -18.1696 6
12.4376 -45.2844 -2.31675 -3.43441 -0.221923 -25.1527 -13.4029 6
14.3962 -37.603 -0.316547 -7.23532 -2.30381 -17.8107 -18.9123 2
10.2892 -49.8356 -7.30747 -0.381247 0.907916 -21.4403 -16.7601 5
12.081 -37.9464 -0.160895 -3.68336 -2.16775 -16.6863 -21.1343 6
12.857 -35.8144 3.13082 -4.50333 -2.95914 -17.9161 -21.6629 2
16.946 -36.5143 0.264356 -1.45343 -6.31656 -19.5937 -20.8385 6
10.2892 -49.8356 -7.30747 -0.381247 0.907916 -21.4403 -16.7601 5
18.4227 -35.6264 -0.947229 -3.50119 -6.22965 -19.6087 -21.761 4
10.1294 -48.4226 -7.3319 -1.1076 0.958252 -21.9096 -17.101 5
11.8436 -46.5631 -1.38313 -7.33844 2.86179 -25.8791 -24.5402 6
10.1282 -42.5786 -3.15359 -10.2989 0.42976 -21.4277 -24.6292 5
14.6237 -38.2663 0.0807551 -7.76898 -2.25222 -17.5032 -18.4142 2
12.7492 -36.7931 0.496355 -2.99187 -3.62709 -16.3604 -20.7189 4
11.9076 -41.8829 1.48354 -8.04848 0.573185 -21.2359 -26.5122 6
15.1604 -33.3957 -2.51547 -1.98201 -3.64498 -15.7549 -19.7435 3
12.7668 -36.9316 0.600176 -3.00943 -3.5938 -16.3923 -20.8086 4
10.65 -37.0969 0.0567496 -3.02263 -2.45723 -18.5386 -20.5138 5
13.6737 -36.1145 3.27422 -4.78621 -2.87074 -17.4125 -21.3583 2
16.1015 -39.806 0.267521 -5.9602 0.627423 -21.0724 -25.8317 0
10.8964 -41.71 -2.07526 -9.0403 0.104081 -21.0893 -24.6614 3
14.4878 -32.7628 -2.39078 -2.48325 -2.70656 -15.5376 -18.8615 3
11.3952 -42.2109 -2.91016 -9.78508 0.944684 -22.3229 -24.1875 6
10.4576 -45.0241 -1.70431 -5.43987 4.90473 -22.9147 -28.6308 4
14.2821 -32.8623 -2.51783 -2.48335 -2.93448 -15.4232 -18.7763 3
13.3232 -32.4895 -1.55965 -2.9054 -1.58466 -17.1092 -17.9395 6
10.4787 -42.0812 -2.65443 -9.20101 1.46991 -20.0627 -25.2627 2
8.54722 -44.7689 -7.18013 0.659247 -0.147979 -22.028 -16.3867 1
10.65 -37.0969 0.0567496 -3.02263 -2.45723 -18.5386 -20.5138 5
13.1832 -35.0628 -2.1378 -0.867909 -0.628298 -19.5923 -20.852 6
11.3952 -42.2109 -2.91016 -9.78508 0.944684 -22.3229 -24.1875 6
10.1704 -36.102 0.10362 -6.05848 -1.93074 -15.9084 -21.3 4
13.446 -34.6994 -1.79065 -2.59251 -1.55814 -17.2287 -20.9379 4
12.3486 -44.5565 -2.34359 -3.84079 -0.15679 -24.8628 -12.7238 6
9.81402 -35.4542 -1.9744 -8.1302 -0.217372 -16.0415 -20.1962 1
13.4984 -34.306 -1.80028 -2.6255 -1.5909 -17.4403 -21.1351 4
15.0013 -35.714 0.745216 -3.15988 -2.72273 -15.8351 -20.3164 0
9.73597 -41.1182 -3.60749 -9.30037 0.314887 -21.5214 -25.0398 6
15.3581 -37.3333 -3.2649 -3.56782 -0.816925 -18.9586 -18.1777 5
17.1942 -36.0808 0.433748 -1.5725 -6.45843 -19.7598 -20.7733 6
13.1186 -41.0225 -1.40922 -7.54772 0.92518 -20.3241 -28.0346 4
17.1942 -36.0808 0.433748 -1.5725 -6.45843 -19.7598 -20.7733 6
10.8008 -36.9188 -0.34867 -3.30925 -2.62374 -18.8496 -20.3686 5
11.0958 -43.6681 -1.82654 -10.9988 2.24576 -22.5865 -22.703 6
13.1186 -41.0225 -1.40922 -7.54772 0.92518 -20.3241 -28.0346 4
9.00991 -50.4439 -8.35304 0.562506 1.38901 -21.7158 -15.8128 0
10.6133 -38.0699 -0.0407573 -3.22232 -0.875387 -20.6846 -19.2912 6
12.3354 -37.9957 -0.0796272 -3.87806 -2.23581 -16.8833 -21.2548 6
15.0632 -36.0284 0.709404 -2.25251 -3.2188 -17.6435 -20.3757 2
1.88934e-09 -6.84512e-09 3.26103e-09 1.13937e-08 5.06123e-09 1.20806e-09 -9.47318e-09 0
2.95952e-09 -7.94474e-09 3.32489e-09 8.43999e-09 8.33686e-09 -1.85322e-09 -1.07042e-08 4
3.23655e-09 -7.28992e-09 5.25977e-09 8.71499e-09 6.00637e-09 -5.34426e-09 -1.18996e-08 6
2.47427e-09 -6.66114e-09 8.20024e-09 1.38809e-08 8.35572e-09 -5.40028e-10 -8.15509e-09 6
-3.51966e-09 -7.78191e-09 3.73115e-09 1.22507e-08 3.31518e-09 -6.39501e-10 -1.08019e-08 2
2.27367e-09 -7.93748e-09 2.70379e-09 1.24346e-08 4.68683e-09 1.59348e-09 -9.85717e-09 0
9.56502e-10 -4.55516e-09 1.59015e-09 1.34824e-08 4.02394e-09 -1.82732e-09 -6.25662e-09 1
-5.54114e-09 -2.07543e-09 3.24138e-09 6.16069e-09 7.42643e-09 -3.14222e-10 -9.1444e-09 6
-7.77127e-10 -5.5576e-09 8.7782e-10 1.27388e-08 5.42687e-09 -8.97488e-10 -9.05661e-09 5
1.03314e-09 -7.9638e-09 7.0865e-09 1.49457e-08 7.73005e-09 -8.85725e-10 -6.77421e-09 6
4.35695e-09 -5.18011e-09 2.97038e-09 1.58785e-08 1.00863e-08 -2.09792e-09 -3.76093e-09 0
-1.84243e-09 -5.46554e-09 3.43762e-09 5.46736e-09 6.27413e-09 -5.08824e-09 -1.24617e-08 5
1.39493e-09 -6.85833e-09 5.04601e-09 4.21775e-09 1.08734e-08 -6.16057e-09 -9.54139e-09 3
3.58569e-09 -7.72301e-09 3.71962e-09 8.11369e-09 8.66589e-09 -2.14567e-09 -1.11826e-08 4
-2.31266e-09 -4.36532e-09 3.54799e-09 5.20221e-09 7.03363e-09 -5.69947e-09 -1.16738e-08 5
1.88934e-09 -6.84512e-09 3.26103e-09 1.13937e-08 5.06123e-09 1.20806e-09 -9.47318e-09 0
1.59373e-09 -6.01715e-09 8.35549e-10 8.51158e-09 5.99457e-09 -9.843e-10 -5.24876e-09 3
3.19937e-09 -5.27464e-09 3.92419e-09 1.10101e-08 6.81385e-09 -2.08229e-09 -8.31184e-09 6
3.20171e-10 -3.41122e-09 3.91593e-09 1.17906e-08 6.67145e-09 1.63954e-09 -1.31704e-08 4
-1.24237e-09 -7.75857e-09 6.29184e-09 1.28079e-08 5.84347e-09 1.32593e-10 -1.33888e-08 6
-3.51966e-09 -7.78191e-09 3.73115e-09 1.22507e-08 3.31518e-09 -6.39501e-10 -1.08019e-08 2
7.4418e-10 -6.19649e-09 -2.74124e-10 1.08856e-08 4.67947e-09 -2.06584e-09 -1.1133e-08 5
-7.77127e-10 -5.5576e-09 8.7782e-10 1.27388e-08 5.42687e-09 -8.97488e-10 -9.05661e-09 5
1.88792e-09 -4.56979e-09 1.04215e-08 1.47305e-08 6.72694e-09 -3.64313e-11 -9.19445e-09 5
-4.24873e-09 -8.31552e-09 3.27503e-09 1.28827e-08 3.32851e-09 -1.7845e-09 -1.03648e-08 2
4.38512e-09 -4.62384e-09 4.81285e-09 1.38113e-08 4.70516e-09 1.31577e-10 -1.01874e-08 2
5.69959e-10 -7.62343e-09 3.92941e-09 7.91203e-09 9.67657e-09 -4.93681e-09 -1.17645e-08 1
5.32892e-09 -3.49422e-09 9.80235e-09 9.93668e-09 7.86879e-09 -1.27717e-09 -1.19932e-08 6
4.59839e-10 -8.7816e-09 6.2487e-09 1.42259e-08 8.13155e-09 -3.93142e-09 -7.1697e-09 6
7.4418e-10 -6.19649e-09 -2.74124e-10 1.08856e-08 4.67947e-09 -2.06584e-09 -1.1133e-08 5
3.9585e-09 -4.72929e-09 4.5148e-09 1.35315e-08 4.62577e-09 3.71897e-10 -9.88949e-09 2
3.37917e-09 -5.49914e-09 4.25168e-09 1.3322e-08 4.65904e-09 7.17323e-10 -1.06152e-08 2
3.10879e-09 -7.34119e-09 3.73419e-09 7.52235e-09 8.81539e-09 -1.97998e-09 -1.11094e-08 4
-3.8949e-10 -8.84437e-09 3.66048e-09 1.29784e-08 4.46563e-09 -1.38549e-10 -1.10097e-08 4
1.53782e-09 -6.83833e-09 1.68273e-09 9.91604e-09 5.27528e-09 -2.45014e-09 -1.43275e-08 5
3.4e-10 -4.20404e-09 3.11622e-09 1.28096e-08 6.97742e-09 2.22218e-09 -1.35404e-08 4
2.58794e-09 -4.37255e-09 3.01175e-09 1.23512e-08 5.75963e-09 -7.49822e-11 -7.76928e-09 4
-5.54114e-09 -2.07543e-09 3.24138e-09 6.16069e-09 7.42643e-09 -3.14222e-10 -9.1444e-09 6
5.32892e-09 -3.49422e-09 9.80235e-09 9.93668e-09 7.86879e-09 -1.27717e-09 -1.19932e-08 6
8.31745e-10 -4.13267e-09 1.15184e-09 1.33706e-08 4.11738e-09 -1.56107e-09 -6.04751e-09 1
4.25182e-09 -6.93948e-09 7.74962e-09 1.31186e-08 1.07178e-08 -8.32205e-10 -5.88755e-09 4
-5.46656e-09 -2.18704e-09 3.19243e-09 7.58148e-09 7.24732e-09 -1.6419e-10 -9.07016e-09 6
-1.54002e-10 -5.2029e-09 5.38406e-09 8.93929e-09 1.1345e-08 -8.87076e-10 -1.09685e-08 5
3.15377e-09 -4.5413e-09 6.6223e-09 1.6914e-08 1.05085e-08 2.25789e-10 -5.36346e-09 6
3.58638e-09 -7.95282e-09 7.94097e-10 9.47201e-09 6.56184e-09 -1.666e-09 -6.99952e-09 0
3.18405e-09 -5.91997e-09 2.23853e-09 1.11617e-08 4.83812e-09 -3.55265e-09 -1.00185e-08 6
-5.4142e-10 -8.60942e-09 5.96547e-09 1.21477e-08 4.67098e-09 -1.8797e-10 -1.42823e-08 6
2.61498e-09 -7.54219e-09 8.89353e-09 1.51668e-08 7.71597e-09 1.37238e-09 -5.80815e-09 2
4.40504e-09 -5.41726e-09 1.0516e-08 1.78194e-08 9.3606e-09 8.85736e-11 -1.12728e-08 3
3.15913e-09 -6.41549e-09 7.52638e-09 1.76162e-08 9.12122e-09 -1.7887e-11 -5.32455e-09 6
3.19517e-09 -7.34045e-09 9.72116e-09 1.62434e-08 7.96928e-09 1.74171e-09 -6.18959e-09 2
-3.8949e-10 -8.84437e-09 3.66048e-09 1.29784e-08 4.46563e-09 -1.38549e-10 -1.10097e-08 4
2.58794e-09 -4.37255e-09 3.01175e-09 1.23512e-08 5.75963e-09 -7.49822e-11 -7.76928e-09 4
3.58569e-09 -7.72301e-09 3.71962e-09 8.11369e-09 8.66589e-09 -2.14567e-09 -1.11826e-08 4
3.39227e-09 -7.65203e-09 1.00049e-08 1.62847e-08 8.14574e-09 1.40402e-09 -6.21704e-09 2
-7.53521e-10 -2.35813e-09 1.06406e-09 7.5873e-09 7.86595e-09 -5.43696e-09 -1.13665e-08 4
1.7873e-09 -8.21718e-09 1.14788e-08 1.91109e-08 6.15471e-09 3.2621e-09 -1.01685e-08 2
2.95952e-09 -7.94474e-09 3.32489e-09 8.43999e-09 8.33686e-09 -1.85322e-09 -1.07042e-08 4
3.18867e-09 -5.89099e-09 3.83983e-09 1.09456e-08 6.93496e-09 -1.97909e-09 -8.54167e-09 6
8.31745e-10 -4.13267e-09 1.15184e-09 1.33706e-08 4.11738e-09 -1.56107e-09 -6.04751e-09 1
-1.84243e-09 -5.46554e-09 3.43762e-09 5.46736e-09 6.27413e-09 -5.08824e-09 -1.24617e-08 5
3.79031e-09 -6.45559e-09 7.25291e-09 4.9579e-09 1.06195e-08 -3.94763e-09 -8.60174e-09 0
3.18405e-09 -5.91997e-09 2.23853e-09 1.11617e-08 4.83812e-09 -3.55265e-09 -1.00185e-08 6
-9.10656e-10 -5.31608e-09 5.18795e-09 9.76473e-09 1.22801e-08 -6.05609e-10 -1.04676e-08 5
1.58356e-09 -7.38441e-09 5.81945e-09 4.82161e-09 1.03054e-08 -5.79756e-09 -9.76726e-09 3
2.86261e-09 -6.66658e-09 5.7809e-09 7.93314e-09 5.12589e-09 -8.8032e-10 -6.15181e-09 6
1.813e-09 -7.2799e-09 1.73497e-09 8.17546e-09 4.85645e-09 -2.1574e-09 -8.20763e-09 1
4.38512e-09 -4.62384e-09 4.81285e-09 1.38113e-08 4.70516e-09 1.31577e-10 -1.01874e-08 2
-1.31637e-09 -8.17194e-09 6.21402e-09 1.2395e-08 5.30749e-09 -5.22374e-10 -1.34773e-08 6
3.79121e-09 -4.77823e-09 1.05907e-08 1.8659e-08 9.5669e-09 1.55602e-09 -1.20094e-08 3
5.61341e-09 -8.09342e-09 8.51895e-09 1.33556e-08 1.08496e-08 3.05807e-10 -7.67743e-09 4
2.45805e-09 -7.00705e-09 6.38622e-09 9.58996e-09 8.84304e-09 -4.02372e-09 -1.34061e-08 6
4.50354e-09 -3.95819e-09 8.95047e-09 1.07183e-08 1.00207e-08 -3.18344e-10 -1.38666e-08 6
3.15377e-09 -4.5413e-09 6.6223e-09 1.6914e-08 1.05085e-08 2.25789e-10 -5.36346e-09 6
2.6631e-09 -6.96125e-09 5.70343e-09 7.66863e-09 5.18092e-09 -7.45018e-10 -6.62112e-09 6
2.16942e-09 -6.18157e-09 6.75359e-09 1.65903e-08 8.98582e-09 -5.8981e-10 -5.36931e-09 6
3.4e-10 -4.20404e-09 3.11622e-09 1.28096e-08 6.97742e-09 2.22218e-09 -1.35404e-08 4
3.39227e-09 -7.65203e-09 1.00049e-08 1.62847e-08 8.14574e-09 1.40402e-09 -6.21704e-09 2
2.61498e-09 -7.54219e-09 8.89353e-09 1.51668e-08 7.71597e-09 1.37238e-09 -5.80815e-09 2
2.16942e-09 -6.18157e-09 6.75359e-09 1.65903e-08 8.98582e-09 -5.8981e-10 -5.36931e-09 6
3.79121e-09 -4.77823e-09 1.05907e-08 1.8659e-08 9.5669e-09 1.55602e-09 -1.20094e-08 3
-1.31637e-09 -8.17194e-09 6.21402e-09 1.2395e-08 5.30749e-09 -5.22374e-10 -1.34773e-08 6
1.67486e-09 -6.66906e-09 2.28e-09 1.40366e-08 5.87118e-09 7.16025e-10 -7.86567e-09 4
2.26176e-09 -7.06826e-09 1.66889e-09 8.50673e-09 5.48497e-09 -2.63267e-09 -9.17897e-09 1
4.31791e-09 -5.12767e-09 3.61714e-09 1.5169e-08 1.01987e-08 -1.52373e-09 -3.76005e-09 0
-2.96516e-09 -3.02995e-09 3.83515e-09 3.89559e-09 7.6698e-09 -5.91996e-09 -1.13244e-08 5
-3.35363e-09 -8.97881e-09 4.29889e-09 1.27707e-08 3.87429e-09 -1.72178e-09 -1.03352e-08 2
1.39493e-09 -6.85833e-09 5.04601e-09 4.21775e-09 1.08734e-08 -6.16057e-09 -9.54139e-09 3
-8.01739e-10 -3.63626e-09 1.19108e-09 1.09992e-08 5.97547e-09 -5.65269e-10 -6.84194e-09 4
1.58109e-09 -8.25098e-09 1.14969e-08 1.84357e-08 6.13436e-09 3.02677e-09 -9.45436e-09 2
1.67486e-09 -6.66906e-09 2.28e-09 1.40366e-08 5.87118e-09 7.16025e-10 -7.86567e-09 4
2.27367e-09 -7.93748e-09 2.70379e-09 1.24346e-08 4.68683e-09 1.59348e-09 -9.85717e-09 0
1.14779e-09 -6.66019e-09 6.99086e-09 8.98927e-09 7.91043e-09 -4.05567e-09 -1.31964e-08 6
2.84692e-09 -6.53128e-09 -6.13133e-11 8.50969e-09 5.54612e-09 -5.43972e-10 -6.19071e-09 3
3.70572e-09 -7.85523e-09 1.11598e-09 9.25803e-09 6.29202e-09 -1.63161e-09 -6.98434e-09 0
3.89921e-09 -6.42105e-09 7.15328e-09 4.93265e-09 1.05727e-08 -3.95955e-09 -8.53017e-09 0
4.04905e-09 -5.48619e-09 9.63152e-09 1.85229e-08 8.94855e-09 2.33743e-09 -1.16119e-08 3
-5.46656e-09 -2.18704e-09 3.19243e-09 7.58148e-09 7.24732e-09 -1.6419e-10 -9.07016e-09 6
-5.4142e-10 -8.60942e-09 5.96547e-09 1.21477e-08 4.67098e-09 -1.8797e-10 -1.42823e-08 6
4.79827e-09 -6.07976e-09 6.66104e-09 1.32551e-08 1.11768e-08 -9.02963e-10 -6.188e-09 4
-1.09962e-08 -1.55219e-08 1.13582e-08 3.24654e-08 2.16225e-08 -5.96194e-09 -9.55409e-09 6
4.5114e-08 2.22306e-09 6.16183e-09 4.2621e-08 1.67622e-09 -3.40166e-09 1.12111e-08 3
1.62522e-08 -7.48125e-09 -9.89755e-09 1.58717e-08 1.10901e-08 5.32563e-09 -2.99028e-08 2
9.73898e-09 -3.87981e-09 -3.39004e-08 6.68354e-09 1.02318e-08 -2.67221e-09 -1.70366e-08 4
1.45398e-08 1.02833e-08 4.04538e-09 -1.82135e-08 1.22751e-08 -1.10357e-08 -2.31587e-08 3
1.25732e-08 -2.07319e-08 -4.08463e-09 2.49507e-08 -1.42732e-10 1.46816e-09 -1.93633e-08 2
3.15685e-09 -6.0316e-10 -2.67203e-08 4.22316e-08 -1.94167e-08 -1.12083e-08 2.78755e-09 4
1.26485e-08 3.15389e-09 2.68307e-08 -9.89464e-09 -4.22479e-09 4.04436e-09 -3.19411e-09 3
6.92263e-09 -3.26578e-09 -1.3547e-08 2.7545e-08 -1.47056e-08 4.25809e-10 -1.30005e-08 4
-7.03157e-09 -2.67318e-08 -6.3134e-09 2.20007e-09 2.99952e-08 -1.58333e-08 -5.54989e-08 2
1.30627e-10 -2.75943e-08 -9.38945e-09 -3.93176e-09 1.37192e-08 -6.70944e-09 2.04695e-09 2
-3.3319e-09 -3.5308e-08 3.81312e-09 1.34357e-08 -1.59672e-08 2.02581e-08 -6.03878e-09 0
1.45094e-08 -9.95902e-09 1.98828e-08 1.74065e-08 2.32967e-09 -3.18886e-08 -1.63377e-08 6
-1.34439e-08 -9.98848e-09 -2.37426e-09 3.08132e-08 3.42072e-08 -2.32782e-08 -3.80455e-08 6
-7.42001e-09 -1.13508e-08 -1.91309e-08 2.85629e-08 3.22289e-08 4.55262e-10 -4.42771e-09 6
4.40167e-08 -4.11196e-09 -7.85529e-09 -4.80183e-09 4.91396e-08 -4.18184e-09 1.62774e-08 0
-2.15219e-09 -1.87384e-08 -1.06528e-08 7.03327e-09 9.58888e-09 -9.29437e-09 -7.17215e-09 2
8.04936e-09 -1.5946e-08 1.92751e-08 3.45295e-08 1.89512e-08 -2.64114e-08 -9.55554e-09 4
-1.55637e-09 -2.08748e-08 2.28814e-08 5.5472e-09 -1.51182e-08 -1.95177e-08 -1.61303e-08 0
-3.22828e-08 -3.12379e-09 -1.1552e-08 3.15043e-08 7.18411e-09 1.15926e-08 -3.87541e-08 6
-1.25378e-08 -1.14437e-08 -2.62107e-08 3.92816e-09 1.90796e-09 -1.40945e-09 -4.87425e-08 3
5.52358e-08 -4.81611e-09 6.72884e-11 4.38426e-08 1.24074e-08 -5.19912e-09 1.22778e-08 6
8.13096e-09 -4.25903e-09 -7.98608e-11 -3.0727e-08 2.51497e-09 2.23395e-08 -2.26997e-08 0
1.12451e-08 -2.70642e-08 -2.65586e-09 2.04189e-08 -1.03664e-09 4.98138e-09 -3.1272e-09 6
4.48551e-09 -2.03904e-08 -1.14513e-08 -5.02535e-09 1.06319e-08 -1.70626e-08 -2.0226e-09 3
7.76587e-09 -1.79497e-08 -7.22217e-10 1.50458e-08 1.57194e-08 -4.50129e-09 -2.12842e-09 5
2.4761e-08 1.62456e-08 -2.28626e-09 1.94855e-08 7.07634e-09 1.83344e-08 -9.21764e-09 4
4.18751e-09 -9.03532e-09 -1.00036e-08 -1.07197e-09 5.24543e-09 7.28006e-09 -6.97694e-10 2
1.25749e-08 -2.91537e-08 7.68215e-10 2.12938e-08 2.8185e-08 -3.34202e-08 3.72711e-10 6
1.09007e-08 -1.96455e-09 4.65379e-09 -5.52518e-09 1.14991e-08 -1.25861e-08 -1.2675e-08 6
-3.48919e-08 -9.37631e-09 -1.69752e-08 5.98337e-09 2.73036e-08 2.03858e-09 5.13769e-10 3
3.90105e-09 5.29605e-09 2.01025e-08 -1.04647e-08 -4.11138e-09 -1.50395e-08 -2.73242e-08 1
-2.81422e-08 -5.35981e-08 1.09931e-08 2.26554e-08 9.59373e-09 -3.26366e-09 -1.73206e-08 6
1.06371e-08 -1.76436e-08 -1.03908e-08 8.67429e-09 1.08156e-08 -2.86613e-08 -1.08821e-08 4
2.01667e-08 -1.06039e-08 -2.10122e-08 5.63873e-09 -2.67708e-09 -1.58447e-08 -1.19716e-09 2
-2.93489e-09 -3.57399e-08 1.67531e-08 3.24299e-08 2.92399e-08 -1.61332e-08 1.24688e-09 6
-1.31101e-08 -8.06034e-09 -1.4037e-08 3.11969e-08 4.36796e-08 1.90062e-08 -2.42015e-08 3
-1.658e-08 1.15954e-08 -6.25585e-09 5.52249e-08 1.85552e-09 9.20801e-09 -4.37936e-08 2
8.4165e-09 1.31633e-09 8.11717e-09 1.69311e-08 1.1386e-08 1.0872e-08 -5.0213e-09 4
-7.48384e-09 6.31404e-10 -8.28577e-09 2.67981e-08 3.62098e-08 -4.03056e-08 1.53769e-08 2
2.38269e-08 -1.5877e-09 1.85703e-08 6.4243e-09 1.57948e-08 -2.8706e-08 4.94026e-09 5
1.97027e-08 -3.86908e-08 4.1118e-09 -2.59987e-08 1.22941e-08 -3.06591e-08 2.65106e-08 4
1.0197e-08 4.77816e-09 -1.39961e-08 2.04088e-08 6.65079e-11 -1.9419e-08 -1.72028e-08 0
-3.56178e-09 -3.0808e-08 -1.24799e-08 3.68772e-08 -7.42622e-09 2.6811e-09 -6.5744e-09 1
1.9685e-09 -1.40477e-08 1.2656e-08 -2.58775e-10 2.66071e-08 -1.23691e-08 7.52696e-10 4
1.22006e-08 -9.4569e-09 -8.15579e-09 3.13726e-09 -1.03272e-08 7.8848e-09 -1.94949e-09 0
3.8612e-10 6.77386e-09 8.03423e-09 3.63422e-08 -1.31768e-08 -3.50204e-09 -2.22675e-09 6
-1.95461e-08 -2.80299e-08 2.85933e-09 1.5263e-08 -5.60446e-09 -6.38943e-09 -4.29379e-09 0
1.56718e-08 -8.28248e-09 4.18851e-09 8.88739e-09 7.07529e-09 -2.08725e-08 -2.39371e-08 2
-1.12771e-08 -1.1867e-08 9.91012e-09 2.9514e-08 4.90027e-08 1.86784e-08 -3.13254e-08 0
-1.03742e-08 -6.35718e-09 -1.11306e-08 5.74048e-09 2.87839e-09 -3.28045e-09 2.99271e-09 6
-4.28909e-08 -1.56402e-08 6.31183e-09 -2.9842e-10 -2.61575e-09 2.31197e-08 -3.49003e-08 5
1.44686e-08 -1.08727e-08 1.57827e-08 9.0838e-09 2.04878e-08 -1.12002e-08 -7.71032e-09 6
-1.08964e-08 -1.14548e-08 6.12695e-09 1.67494e-09 6.3839e-09 -2.54544e-08 -1.39973e-08 5
-8.18125e-09 7.02006e-09 6.08516e-10 1.81637e-08 -7.8155e-09 -2.15118e-08 -1.04481e-08 0
2.2354e-08 -9.15202e-09 -2.65098e-09 7.97009e-09 -2.5053e-08 9.5516e-09 -1.46432e-08 4
-1.12297e-08 6.32124e-09 1.11895e-08 3.43867e-09 -1.47803e-09 -1.86542e-08 -4.55713e-08 6
6.32349e-09 1.0946e-08 -9.32187e-09 4.07254e-08 2.01461e-08 8.80574e-09 -3.12132e-08 2
-4.076e-10 -1.00926e-08 -1.3126e-08 9.6922e-09 1.42716e-08 -8.12276e-09 -7.61693e-09 4
4.14162e-08 1.20803e-08 1.97806e-08 2.72635e-08 6.96327e-08 -1.39522e-08 -3.12072e-08 1
1.07514e-08 -1.30479e-08 -9.29459e-09 2.86355e-08 4.31969e-09 -2.76505e-08 -1.74897e-08 6
2.93547e-08 -1.12249e-08 1.09594e-08 1.12319e-08 2.07028e-08 3.56741e-09 2.40436e-08 6
-2.31837e-08 -2.60028e-08 -8.64838e-09 4.57071e-09 -3.92155e-09 5.14119e-10 -1.48186e-08 6
-4.23168e-10 -2.20463e-08 -3.67673e-09 2.59243e-08 1.59164e-08 1.43989e-08 3.51173e-08 2
5.67536e-09 -1.61857e-08 6.44902e-09 2.74276e-08 1.02795e-08 1.57101e-08 1.49694e-08 2
-1.39892e-09 3.73961e-10 2.25502e-08 2.58213e-08 3.35949e-10 -1.73111e-08 -2.72348e-08 0
2.4376e-08 -1.39124e-08 2.29278e-09 2.13724e-08 1.63398e-08 -5.14458e-09 -3.35361e-08 2
9.9872e-09 5.82646e-09 -1.29214e-08 2.39169e-08 2.52567e-08 1.81478e-09 -2.68612e-08 6
2.15357e-08 6.22853e-09 -3.32008e-08 1.70155e-08 1.56851e-09 7.75483e-09 -9.32519e-09 4
1.51084e-08 -3.77305e-09 1.23221e-08 1.05809e-08 6.94287e-09 -4.21719e-09 7.93898e-09 1
-1.04084e-08 -1.29654e-08 1.21124e-08 -2.49729e-09 -9.21632e-09 -8.79153e-09 -2.70709e-09 3
3.16468e-10 -1.09799e-08 8.81877e-09 2.62541e-08 -4.04229e-09 -9.27032e-09 -1.75779e-08 1
5.43069e-09 1.01748e-08 5.74877e-09 7.79615e-09 2.098e-08 2.57646e-08 -3.96165e-08 6
-4.8182e-09 1.55764e-08 6.48345e-09 1.56973e-08 8.54524e-09 -1.56953e-08 -6.71678e-09 6
1.29289e-08 1.41705e-08 -1.3178e-08 3.29036e-09 4.99504e-08 1.37993e-08 -7.08584e-09 4
2.37548e-08 -1.44213e-08 2.63927e-09 3.28268e-08 4.56594e-08 -1.03879e-08 -1.63812e-08 6
-1.11281e-08 -1.23425e-08 -5.52168e-09 2.04519e-08 7.87834e-10 -1.0966e-08 -2.24676e-08 6
2.81621e-08 -2.09127e-08 3.90637e-09 2.59554e-08 2.56011e-09 -1.90841e-08 2.17637e-08 4
-5.34107e-09 -6.46242e-09 5.99209e-10 4.71822e-09 -2.04746e-09 2.22168e-08 -3.90605e-08 0
1.71764e-08 1.45731e-08 7.46577e-10 -4.52029e-09 -1.2187e-09 7.7545e-09 -3.4043e-09 2
-1.18901e-08 -1.10623e-08 1.93144e-08 2.74545e-08 6.57315e-09 3.01005e-09 -1.29187e-08 4
6.38579e-09 -2.38346e-08 2.73873e-09 3.82446e-08 6.64854e-09 -2.84396e-08 -2.45193e-08 0
7.1169e-09 8.74305e-09 -8.13261e-09 1.45125e-08 2.62056e-08 -3.7578e-09 -1.23073e-08 6
2.00917e-08 1.18675e-08 -2.72294e-09 9.93275e-09 3.01428e-08 -8.63101e-09 -2.63757e-08 6
2.88037e-09 9.93399e-10 -1.91799e-08 3.23579e-08 4.4806e-09 4.78404e-09 -4.78642e-09 0
-9.64296e-09 -2.54538e-09 -2.03989e-08 6.46246e-09 1.49721e-08 -5.31501e-10 -3.20453e-08 1
1.1615e-08 -1.42349e-08 1.93445e-08 6.73662e-09 -7.50372e-10 9.19727e-09 -1.60438e-08 2
-2.79281e-08 -1.16069e-09 -2.03195e-08 3.81183e-10 2.34442e-08 -3.67664e-08 1.09273e-08 4
1.82255e-08 1.16987e-08 8.54832e-09 1.3638e-08 3.68073e-08 -1.00463e-08 5.50854e-09 6
5.21374e-09 -3.59123e-08 -1.32816e-08 1.47568e-08 2.01192e-08 1.08331e-08 6.5125e-09 4
1.15687e-08 -2.23923e-09 7.26205e-10 1.65073e-08 2.85557e-08 -4.32671e-08 -1.00231e-08 3
2.32742e-08 8.61375e-09 -1.01836e-08 -8.85046e-09 5.7004e-09 -1.62707e-08 1.37572e-09 4
-7.64575e-09 -8.12066e-09 3.81978e-09 -7.35615e-09 2.16493e-08 -8.89451e-09 -4.66934e-08 6
2.20371e-08 9.6266e-09 2.55713e-08 -8.19361e-09 1.53234e-08 5.76775e-09 -1.30131e-09 1
1.55055e-08 2.92675e-08 1.53387e-08 2.69523e-08 1.14251e-08 1.6316e-08 2.80327e-09 4
-6.03157e-10 -5.9891e-09 -6.70813e-09 9.70584e-09 1.38442e-08 -2.32519e-08 -1.32414e-08 6
1.6822e-08 -1.98894e-08 -2.30529e-08 -3.20939e-09 -7.43736e-09 2.03169e-08 -1.67168e-08 0
2.3798e-08 2.71328e-09 -1.06163e-08 1.82575e-08 9.0115e-09 -3.34396e-09 6.63989e-09 5
1.67867e-08 -2.32879e-08 -7.82803e-09 2.5913e-08 2.88831e-08 -7.53864e-09 -1.87606e-08 6
3.8522e-08 2.38624e-08 2.13784e-08 6.54151e-08 2.99452e-08 7.02759e-09 3.31032e-08 6
-0.00145143 -0.00201144 -0.00129142 -0.00185142 -0.00105142 -0.00217143 -0.000171443 6
-0.00145143 -0.00201144 -0.00129143 -0.00185142 -0.00105142 -0.00217144 -0.000171441 1
-0.00145143 -0.00201144 -0.00129142 -0.00185142 -0.00105142 -0.00217143 -0.000171437 5
-0.00145143 -0.00201143 -0.00129143 -0.00185142 -0.00105142 -0.00217144 -0.00017144 4
-0.00145143 -0.00201143 -0.00129143 -0.00185142 -0.00105142 -0.00217143 -0.000171436 4
-0.00145143 -0.00201144 -0.00129143 -0.00185142 -0.00105142 -0.00217143 -0.000171433 0
-0.00145143 -0.00201144 -0.00129142 -0.00185143 -0.00105142 -0.00217144 -0.000171438 0
-0.00145143 -0.00201144 -0.00129142 -0.00185143 -0.00105142 -0.00217144 -0.000171438 3
-0.00145143 -0.00201144 -0.00129143 -0.00185142 -0.00105142 -0.00217143 -0.000171437 4
-0.00145143 -0.00201144 -0.00129143 -0.00185142 -0.00105142 -0.00217143 -0.000171436 0
-0.00145143 -0.00201144 -0.00129142 -0.00185142 -0.00105142 -0.00217143 -0.000171435 6
-0.00145143 -0.00201143 -0.00129143 -0.00185142 -0.00105142 -0.00217143 -0.000171442 4
-0.00145143 -0.00201144 -0.00129143 -0.00185142 -0.00105143 -0.00217143 -0.000171439 2
-0.00145143 -0.00201144 -0.00129143 -0.00185142 -0.00105142 -0.00217143 -0.000171437 4
-0.00145143 -0.00201144 -0.00129143 -0.00185142 -0.00105142 -0.00217143 -0.000171443 5
-0.00145143 -0.00201144 -0.00129142 -0.00185142 -0.00105142 -0.00217143 -0.000171436 6
-0.00145143 -0.00201143 -0.00129143 -0.00185142 -0.00105142 -0.00217144 -0.000171441 4
-0.00145143 -0.00201144 -0.00129142 -0.00185142 -0.00105142 -0.00217143 -0.000171442 6
-0.00145143 -0.00201144 -0.00129143 -0.00185142 -0.00105142 -0.00217143 -0.000171438 1
-0.00145143 -0.00201144 -0.00129143 -0.00185142 -0.00105142 -0.00217144 -0.00017144 1
-0.00145143 -0.00201144 -0.00129142 -0.00185142 -0.00105142 -0.00217143 -0.000171442 6
-0.00145143 -0.00201144 -0.00129142 -0.00185142 -0.00105142 -0.00217143 -0.000171442 6
-0.00145143 -0.00201144 -0.00129142 -0.00185143 -0.00105142 -0.00217144 -0.000171439 3
-0.00145143 -0.00201144 -0.00129143 -0.00185142 -0.00105142 -0.00217143 -0.000171433 0
-0.00145143 -0.00201144 -0.00129143 -0.00185142 -0.00105142 -0.00217143 -0.000171437 1
-0.00145143 -0.00201143 -0.00129143 -0.00185142 -0.00105143 -0.00217143 -0.000171439 2
-0.00145143 -0.00201144 -0.00129142 -0.00185141 -0.00105142 -0.00217143 -0.000171442 6
-0.00145143 -0.00201143 -0.00129143 -0.00185142 -0.00105142 -0.00217143 -0.000171442 4
-0.00145143 -0.00201144 -0.00129142 -0.00185141 -0.00105142 -0.00217143 -0.000171442 6
-0.00145143 -0.00201143 -0.00129143 -0.00185143 -0.00105142 -0.00217144 -0.00017144 5
-0.00145143 -0.00201144 -0.00129143 -0.00185142 -0.00105142 -0.00217143 -0.000171434 3
-0.00145143 -0.00201143 -0.00129143 -0.00185142 -0.00105142 -0.00217144 -0.00017144 4
-0.00145143 -0.00201144 -0.00129143 -0.00185142 -0.00105142 -0.00217143 -0.000171433 0
-0.00145143 -0.00201143 -0.00129143 -0.00185142 -0.00105142 -0.00217143 -0.000171442 4
-0.00145143 -0.00201144 -0.00129142 -0.00185142 -0.00105142 -0.00217143 -0.000171435 2
-0.00145143 -0.00201144 -0.00129143 -0.00185142 -0.00105142 -0.00217143 -0.00017144 5
-0.00145143 -0.00201144 -0.00129142 -0.00185141 -0.00105142 -0.00217143 -0.000171434 6
-0.00145143 -0.00201144 -0.00129142 -0.00185142 -0.00105142 -0.00217143 -0.000171437 4
-0.00145143 -0.00201144 -0.00129143 -0.00185142 -0.00105142 -0.00217144 -0.000171441 1
-0.00145143 -0.00201143 -0.00129143 -0.00185142 -0.00105142 -0.00217144 -0.00017144 4
-0.00145143 -0.00201144 -0.00129142 -0.00185143 -0.00105142 -0.00217144 -0.000171438 3
-0.00145143 -0.00201144 -0.00129142 -0.00185142 -0.00105142 -0.00217143 -0.000171442 6
-0.00145143 -0.00201144 -0.00129142 -0.00185142 -0.00105142 -0.00217143 -0.000171439 2
-0.00145143 -0.00201144 -0.00129142 -0.00185142 -0.00105142 -0.00217143 -0.000171436 6
-0.00145143 -0.00201144 -0.00129142 -0.00185142 -0.00105142 -0.00217143 -0.000171442 6
-0.00145143 -0.00201144 -0.00129142 -0.00185142 -0.00105142 -0.00217143 -0.00017144 5
-0.00145143 -0.00201143 -0.00129143 -0.00185143 -0.00105142 -0.00217144 -0.000171441 5
-0.00145143 -0.00201144 -0.00129143 -0.00185142 -0.00105142 -0.00217143 -0.000171443 5
-0.00145143 -0.00201143 -0.00129142 -0.00185142 -0.00105142 -0.00217143 -0.000171443 6
-0.00145143 -0.00201144 -0.00129142 -0.00185142 -0.00105142 -0.00217143 -0.000171437 4
-0.00145144 -0.00201144 -0.00129143 -0.00185142 -0.00105143 -0.00217143 -0.000171439 2
-0.00145143 -0.00201144 -0.00129142 -0.00185142 -0.00105142 -0.00217143 -0.000171438 5
-0.00145143 -0.00201143 -0.00129143 -0.00185142 -0.00105142 -0.00217143 -0.000171442 4
-0.00145143 -0.00201144 -0.00129142 -0.00185142 -0.00105142 -0.00217143 -0.000171439 5
-0.00145143 -0.00201143 -0.00129143 -0.00185142 -0.00105143 -0.00217143 -0.000171439 2
-0.00145143 -0.00201144 -0.00129143 -0.00185142 -0.00105142 -0.00217143 -0.00017144 4
-0.00145143 -0.00201144 -0.00129143 -0.00185142 -0.00105142 -0.00217143 -0.000171437 4
-0.00145143 -0.00201144 -0.00129142 -0.00185143 -0.00105142 -0.00217144 -0.000171438 0
-0.00145143 -0.00201143 -0.00129143 -0.00185142 -0.00105142 -0.00217143 -0.000171442 4
-0.00145143 -0.00201144 -0.00129142 -0.00185142 -0.00105142 -0.00217143 -0.000171442 6
-0.00145143 -0.00201144 -0.00129143 -0.00185142 -0.00105143 -0.00217143 -0.000171439 2
-0.00145143 -0.00201144 -0.00129142 -0.00185142 -0.00105142 -0.00217143 -0.000171442 6
-0.00145143 -0.00201144 -0.00129143 -0.00185142 -0.00105143 -0.00217143 -0.00017144 2
-0.00145143 -0.00201144 -0.00129143 -0.00185142 -0.00105142 -0.00217143 -0.000171437 6
-0.00145143 -0.00201144 -0.00129142 -0.00185142 -0.00105142 -0.00217143 -0.000171435 6
-0.00145143 -0.00201144 -0.00129143 -0.00185142 -0.00105142 -0.00217144 -0.00017144 1
-0.00145143 -0.00201144 -0.00129143 -0.00185142 -0.00105142 -0.00217143 -0.000171437 4
-0.00145143 -0.00201144 -0.00129142 -0.00185142 -0.00105142 -0.00217143 -0.00017144 5
-0.00145143 -0.00201143 -0.00129142 -0.00185142 -0.00105142 -0.00217143 -0.000171441 6
-0.00145143 -0.00201144 -0.00129143 -0.00185142 -0.00105143 -0.00217143 -0.000171439 2
-0.00145143 -0.00201144 -0.00129142 -0.00185141 -0.00105142 -0.00217143 -0.000171441 3
-0.00145143 -0.00201144 -0.00129143 -0.00185142 -0.00105142 -0.00217143 -0.000171439 5
-0.00145143 -0.00201144 -0.00129142 -0.00185141 -0.00105142 -0.00217143 -0.000171438 2
-0.00145143 -0.00201143 -0.00129143 -0.00185142 -0.00105142 -0.00217143 -0.000171436 4
-0.00145143 -0.00201144 -0.00129142 -0.00185142 -0.00105142 -0.00217143 -0.000171435 6
-0.00145143 -0.00201144 -0.00129143 -0.00185142 -0.00105142 -0.00217143 -0.000171433 0
-0.00145143 -0.00201144 -0.00129142 -0.00185142 -0.00105142 -0.00217143 -0.000171436 6
-0.00145143 -0.00201144 -0.00129142 -0.00185142 -0.00105142 -0.00217143 -0.000171435 6
-0.00145143 -0.00201144 -0.00129142 -0.00185141 -0.00105142 -0.00217143 -0.000171441 3
-0.00145143 -0.00201144 -0.00129142 -0.00185143 -0.00105142 -0.00217144 -0.000171439 3
-0.00145143 -0.00201144 -0.00129142 -0.00185142 -0.00105142 -0.00217143 -0.000171438 5
-0.00145143 -0.00201144 -0.00129142 -0.00185142 -0.00105142 -0.00217143 -0.000171443 6
-0.00145143 -0.00201144 -0.00129143 -0.00185142 -0.00105142 -0.00217143 -0.000171437 1
-0.00145143 -0.00201144 -0.00129142 -0.00185142 -0.00105142 -0.00217143 -0.000171435 4
-0.00145143 -0.00201144 -0.00129143 -0.00185142 -0.00105142 -0.00217143 -0.000171435 3
-0.00145143 -0.00201144 -0.00129143 -0.00185142 -0.00105142 -0.00217143 -0.000171439 0
-0.00145143 -0.00201144 -0.00129142 -0.00185143 -0.00105142 -0.00217144 -0.000171438 3
-0.00145143 -0.00201143 -0.00129143 -0.00185142 -0.00105142 -0.00217143 -0.000171436 4
-0.00145143 -0.00201144 -0.00129142 -0.00185142 -0.00105142 -0.00217143 -0.000171442 6
-0.00145143 -0.00201144 -0.00129143 -0.00185142 -0.00105142 -0.00217143 -0.000171442 5
-0.00145143 -0.00201144 -0.00129142 -0.00185143 -0.00105142 -0.00217144 -0.000171439 3
-0.00145143 -0.00201144 -0.00129143 -0.00185142 -0.00105142 -0.00217143 -0.000171437 1
-0.00145143 -0.00201144 -0.00129143 -0.00185142 -0.00105142 -0.00217143 -0.000171438 5
-0.00145143 -0.00201144 -0.00129143 -0.00185142 -0.00105142 -0.00217143 -0.000171437 4
-0.00145143 -0.00201144 -0.00129142 -0.00185142 -0.00105142 -0.00217143 -0.000171443 6
-0.00145143 -0.00201144 -0.00129142 -0.00185142 -0.00105142 -0.00217143 -0.000171436 6
-0.00145143 -0.00201144 -0.00129142 -0.00185141 -0.00105142 -0.00217143 -0.00017144 3
-0.00145143 -0.00201144 -0.00129142 -0.00185142 -0.00105142 -0.00217144 -0.000171441 6
-0.00145143 -0.00201144 -0.00129142 -0.00185141 -0.00105142 -0.00217143 -0.000171435 2
-0.00145143 -0.00201144 -0.00129142 -0.00185141 -0.00105142 -0.00217143 -0.000171435 2
-0.00145142 -0.00201146 -0.00129144 -0.0018514 -0.00105141 -0.00217142 -0.00017143 1
-0.00145144 -0.00201145 -0.00129143 -0.00185142 -0.00105143 -0.00217146 -0.000171432 4
-0.00145142 -0.00201145 -0.00129142 -0.00185143 -0.00105143 -0.00217143 -0.000171424 6
-0.00145145 -0.00201144 -0.0012914 -0.00185143 -0.0010514 -0.00217144 -0.000171435 2
-0.00145143 -0.00201144 -0.00129145 -0.00185141 -0.00105142 -0.00217142 -0.000171427 4
-0.00145142 -0.00201145 -0.00129143 -0.00185141 -0.00105143 -0.00217143 -0.000171443 4
-0.00145145 -0.00201143 -0.00129144 -0.00185141 -0.00105141 -0.00217143 -0.000171438 2
-0.00145144 -0.00201144 -0.00129146 -0.00185144 -0.00105142 -0.00217143 -0.000171463 1
-0.00145142 -0.00201143 -0.00129144 -0.0018514 -0.00105141 -0.00217142 -0.00017145 0
-0.00145143 -0.00201142 -0.00129138 -0.00185144 -0.00105143 -0.00217141 -0.000171432 6
-0.00145139 -0.00201141 -0.00129143 -0.00185139 -0.0010514 -0.00217144 -0.000171429 0
-0.00145147 -0.00201145 -0.00129145 -0.00185141 -0.0010514 -0.00217142 -0.000171451 6
-0.00145141 -0.00201143 -0.00129143 -0.00185142 -0.00105141 -0.00217145 -0.000171422 2
-0.00145144 -0.00201146 -0.00129143 -0.0018514 -0.00105141 -0.00217144 -0.000171459 6
-0.00145142 -0.00201143 -0.00129142 -0.00185141 -0.00105146 -0.00217143 -0.000171444 2
-0.00145144 -0.00201145 -0.00129143 -0.0018514 -0.00105143 -0.00217144 -0.000171449 6
-0.00145144 -0.00201144 -0.0012914 -0.0018514 -0.00105139 -0.00217144 -0.000171442 4
-0.0014514 -0.00201143 -0.00129145 -0.00185139 -0.00105141 -0.00217142 -0.000171419 4
-0.00145143 -0.00201144 -0.00129144 -0.00185141 -0.00105143 -0.00217144 -0.000171448 0
-0.00145141 -0.00201146 -0.00129143 -0.00185143 -0.00105143 -0.00217145 -0.000171434 6
-0.00145143 -0.00201143 -0.00129144 -0.00185143 -0.00105141 -0.00217144 -0.000171445 3
-0.00145142 -0.00201143 -0.00129144 -0.00185143 -0.00105142 -0.00217143 -0.000171432 4
-0.00145142 -0.00201143 -0.00129148 -0.0018514 -0.00105143 -0.00217143 -0.000171428 6
-0.00145144 -0.00201144 -0.00129142 -0.00185142 -0.00105142 -0.00217144 -0.000171449 6
-0.00145142 -0.00201141 -0.00129143 -0.00185143 -0.00105144 -0.00217143 -0.000171431 6
-0.00145144 -0.00201144 -0.00129144 -0.0018514 -0.00105144 -0.00217145 -0.000171412 5
-0.00145146 -0.00201143 -0.00129143 -0.00185142 -0.00105141 -0.00217143 -0.000171439 6
-0.00145144 -0.00201146 -0.00129143 -0.00185145 -0.00105139 -0.00217142 -0.000171414 6
-0.00145142 -0.00201143 -0.00129144 -0.00185146 -0.00105141 -0.00217143 -0.000171414 2
-0.00145142 -0.00201145 -0.00129144 -0.00185142 -0.00105143 -0.00217144 -0.000171435 6
-0.0014514 -0.00201144 -0.00129143 -0.00185144 -0.00105143 -0.00217144 -0.000171469 4
-0.00145144 -0.00201147 -0.00129145 -0.00185144 -0.00105144 -0.00217146 -0.000171433 0
-0.00145143 -0.00201143 -0.00129142 -0.0018514 -0.0010514 -0.00217142 -0.000171446 4
-0.00145144 -0.00201144 -0.00129144 -0.00185142 -0.00105139 -0.00217143 -0.000171457 4
-0.00145142 -0.00201143 -0.00129141 -0.00185142 -0.0010514 -0.00217146 -0.000171458 6
-0.00145142 -0.00201145 -0.00129143 -0.00185145 -0.00105143 -0.00217143 -0.000171476 6
-0.00145142 -0.00201145 -0.00129142 -0.00185141 -0.00105142 -0.00217143 -0.00017145 5
-0.00145143 -0.00201143 -0.00129143 -0.00185141 -0.00105136 -0.00217146 -0.000171436 6
-0.00145141 -0.00201144 -0.00129144 -0.00185142 -0.00105143 -0.00217143 -0.000171448 4
-0.00145143 -0.00201144 -0.00129144 -0.00185143 -0.00105141 -0.00217143 -0.000171472 2
-0.00145147 -0.00201143 -0.00129144 -0.00185141 -0.00105141 -0.00217144 -0.00017142 6
-0.00145142 -0.00201145 -0.00129145 -0.0018514 -0.00105145 -0.00217144 -0.000171442 3
-0.00145141 -0.00201146 -0.00129142 -0.00185142 -0.00105142 -0.00217143 -0.000171463 4
-0.00145144 -0.00201142 -0.00129143 -0.00185142 -0.00105144 -0.00217143 -0.000171395 5
-0.00145141 -0.00201145 -0.00129144 -0.00185139 -0.00105141 -0.00217143 -0.000171422 3
-0.00145142 -0.00201144 -0.00129144 -0.00185143 -0.00105143 -0.00217143 -0.000171429 2
-0.00145144 -0.00201142 -0.00129145 -0.00185142 -0.00105142 -0.00217144 -0.000171435 5
-0.00145142 -0.00201142 -0.00129143 -0.0018514 -0.00105142 -0.00217142 -0.00017146 4
-0.00145144 -0.00201144 -0.00129142 -0.00185144 -0.00105143 -0.00217143 -0.000171438 4
-0.00145141 -0.0020114 -0.00129144 -0.00185143 -0.0010514 -0.00217145 -0.000171433 3
-0.00145144 -0.00201144 -0.00129144 -0.00185138 -0.00105141 -0.00217145 -0.00017145 0
-0.00145143 -0.00201147 -0.00129142 -0.0018514 -0.00105141 -0.00217143 -0.000171459 6
-0.00145142 -0.00201142 -0.00129144 -0.00185142 -0.00105143 -0.00217142 -0.000171473 2
-0.00145142 -0.00201145 -0.00129142 -0.00185141 -0.00105139 -0.00217143 -0.000171451 6
-0.00145141 -0.00201144 -0.00129142 -0.00185141 -0.00105142 -0.00217143 -0.000171427 1
-0.00145144 -0.00201145 -0.00129143 -0.00185143 -0.00105143 -0.00217145 -0.000171431 0
-0.00145143 -0.00201141 -0.00129148 -0.00185142 -0.00105142 -0.00217146 -0.000171438 3
-0.00145144 -0.00201143 -0.00129143 -0.00185142 -0.00105143 -0.00217142 -0.000171458 0
-0.00145143 -0.00201145 -0.00129144 -0.00185142 -0.00105141 -0.00217143 -0.000171415 6
-0.00145141 -0.00201146 -0.00129144 -0.00185139 -0.00105141 -0.00217144 -0.000171436 2
-0.00145142 -0.00201142 -0.00129144 -0.0018514 -0.00105141 -0.00217144 -0.00017145 3
-0.0014514 -0.00201145 -0.00129143 -0.00185143 -0.00105144 -0.00217143 -0.000171421 2
-0.00145146 -0.00201143 -0.00129142 -0.00185142 -0.00105143 -0.00217142 -0.000171443 6
-0.00145144 -0.00201144 -0.00129143 -0.00185143 -0.00105141 -0.00217143 -0.00017145 4
-0.00145144 -0.00201144 -0.00129143 -0.00185141 -0.00105143 -0.00217146 -0.000171437 1
-0.0014514 -0.00201144 -0.00129141 -0.0018514 -0.0010514 -0.00217142 -0.000171414 6
-0.00145144 -0.00201145 -0.00129145 -0.0018514 -0.00105142 -0.00217145 -0.00017142 4
-0.00145143 -0.00201141 -0.00129141 -0.00185143 -0.00105142 -0.00217143 -0.000171408 1
-0.00145145 -0.00201142 -0.00129143 -0.00185141 -0.00105141 -0.00217144 -0.000171435 6
-0.00145142 -0.00201143 -0.00129145 -0.0018514 -0.00105144 -0.00217143 -0.000171446 4
-0.00145146 -0.00201143 -0.00129143 -0.00185139 -0.00105143 -0.00217145 -0.000171445 6
-0.00145143 -0.00201145 -0.00129144 -0.00185141 -0.00105142 -0.00217143 -0.000171434 0
-0.00145144 -0.00201142 -0.00129146 -0.00185142 -0.00105141 -0.00217143 -0.000171415 4
-0.00145143 -0.00201143 -0.00129142 -0.00185143 -0.00105144 -0.00217142 -0.000171457 4
-0.00145143 -0.00201143 -0.00129145 -0.00185141 -0.0010514 -0.00217143 -0.000171423 2
-0.0014514 -0.00201145 -0.00129142 -0.00185141 -0.00105142 -0.00217143 -0.000171455 6
-0.00145143 -0.00201144 -0.00129142 -0.00185145 -0.00105141 -0.00217145 -0.000171434 4
-0.00145144 -0.00201145 -0.00129142 -0.00185143 -0.00105143 -0.00217142 -0.000171441 4
-0.00145142 -0.00201142 -0.00129144 -0.00185144 -0.00105142 -0.00217146 -0.000171435 0
-0.00145142 -0.00201142 -0.00129143 -0.00185141 -0.00105142 -0.00217141 -0.000171471 5
-0.00145139 -0.00201144 -0.0012914 -0.00185139 -0.00105141 -0.00217141 -0.000171428 6
-0.0014514 -0.00201143 -0.00129139 -0.00185143 -0.00105144 -0.00217143 -0.000171449 4
-0.00145143 -0.00201142 -0.00129143 -0.00185141 -0.00105143 -0.00217142 -0.000171437 4
-0.00145141 -0.00201145 -0.0012914 -0.0018514 -0.00105141 -0.00217145 -0.000171428 4
-0.00145144 -0.00201143 -0.00129143 -0.00185142 -0.00105141 -0.00217143 -0.000171459 4
-0.00145141 -0.00201143 -0.00129143 -0.00185142 -0.00105142 -0.00217142 -0.000171462 6
-0.00145146 -0.00201144 -0.00129144 -0.0018514 -0.00105143 -0.00217142 -0.000171443 2
-0.00145143 -0.00201144 -0.0012914 -0.00185142 -0.00105138 -0.00217144 -0.000171396 0
-0.00145142 -0.00201143 -0.00129143 -0.00185141 -0.00105143 -0.00217145 -0.000171427 0
-0.00145143 -0.00201143 -0.00129141 -0.00185141 -0.00105143 -0.00217144 -0.000171444 0
-0.00145143 -0.00201142 -0.00129141 -0.00185141 -0.00105144 -0.00217144 -0.000171427 2
-0.00145142 -0.00201145 -0.00129144 -0.00185139 -0.00105142 -0.00217144 -0.000171443 2
-0.00145143 -0.00201143 -0.00129144 -0.00185143 -0.00105143 -0.00217145 -0.000171435 4
-0.00145143 -0.00201145 -0.00129145 -0.00185142 -0.00105142 -0.00217142 -0.000171498 0
-0.00145142 -0.00201144 -0.00129143 -0.00185142 -0.00105143 -0.00217142 -0.000171434 6
-0.00145142 -0.00201146 -0.00129144 -0.00185141 -0.00105142 -0.00217144 -0.000171439 5
-0.00145142 -0.00201145 -0.00129143 -0.00185145 -0.00105141 -0.00217144 -0.000171448 6
-0.00145145 -0.00201144 -0.00129144 -0.00185143 -0.00105141 -0.00217141 -0.000171432 3
-0.00145144 -0.00201143 -0.00129141 -0.00185143 -0.00105142 -0.00217143 -0.000171448 6
-0.00145146 -0.00201143 -0.00129144 -0.00185143 -0.00105143 -0.00217143 -0.000171453 5
-0.00428625 -0.00598909 -0.00390257 -0.0055254 -0.00256706 -0.00613275 -0.000576901 5
-0.00428624 -0.00598909 -0.00390257 -0.00552541 -0.00256706 -0.00613275 -0.000576905 5
-0.00428624 -0.00598909 -0.00390257 -0.00552541 -0.00256706 -0.00613276 -0.0005769 1
-0.00428625 -0.00598909 -0.00390257 -0.0055254 -0.00256706 -0.00613275 -0.000576903 4
-0.00428624 -0.00598909 -0.00390257 -0.00552541 -0.00256706 -0.00613275 -0.000576902 4
-0.00428625 -0.00598909 -0.00390257 -0.00552541 -0.00256706 -0.00613275 -0.000576902 5
-0.00428624 -0.00598909 -0.00390257 -0.00552541 -0.00256706 -0.00613276 -0.000576905 6
-0.00428624 -0.00598909 -0.00390257 -0.00552541 -0.00256706 -0.00613275 -0.000576897 3
-0.00428625 -0.00598909 -0.00390257 -0.00552541 -0.00256706 -0.00613276 -0.000576903 5
-0.00428624 -0.00598909 -0.00390257 -0.00552541 -0.00256706 -0.00613275 -0.000576898 6
-0.00428624 -0.00598909 -0.00390256 -0.0055254 -0.00256706 -0.00613275 -0.000576904 6
-0.00428624 -0.00598909 -0.00390256 -0.0055254 -0.00256706 -0.00613275 -0.000576901 2
-0.00428625 -0.00598909 -0.00390257 -0.00552541 -0.00256706 -0.00613276 -0.000576903 5
-0.00428624 -0.00598909 -0.00390257 -0.00552541 -0.00256706 -0.00613275 -0.000576901 0
-0.00428625 -0.00598909 -0.00390257 -0.00552541 -0.00256706 -0.00613275 -0.000576901 6
-0.00428624 -0.00598909 -0.00390257 -0.0055254 -0.00256706 -0.00613275 -0.000576897 6
-0.00428624 -0.00598909 -0.00390257 -0.0055254 -0.00256706 -0.00613275 -0.000576897 4
-0.00428624 -0.00598909 -0.00390256 -0.0055254 -0.00256706 -0.00613275 -0.000576904 6
-0.00428625 -0.00598909 -0.00390257 -0.00552541 -0.00256706 -0.00613275 -0.000576898 4
-0.00428624 -0.00598909 -0.00390257 -0.00552541 -0.00256706 -0.00613275 -0.000576898 0
-0.00428624 -0.00598909 -0.00390257 -0.0055254 -0.00256706 -0.00613275 -0.000576897 6
-0.00428624 -0.00598909 -0.00390257 -0.0055254 -0.00256706 -0.00613275 -0.000576902 2
-0.00428625 -0.00598909 -0.00390257 -0.0055254 -0.00256706 -0.00613275 -0.0005769 4
-0.00428625 -0.00598909 -0.00390257 -0.00552541 -0.00256706 -0.00613275 -0.000576902 5
-0.00428624 -0.00598909 -0.00390257 -0.0055254 -0.00256706 -0.00613275 -0.0005769 4
-0.00428625 -0.00598909 -0.00390257 -0.0055254 -0.00256706 -0.00613275 -0.000576905 6
-0.00428624 -0.00598909 -0.00390257 -0.00552541 -0.00256706 -0.00613275 -0.000576896 3
-0.00428624 -0.00598909 -0.00390257 -0.00552541 -0.00256706 -0.00613276 -0.0005769 1
-0.00428624 -0.00598909 -0.00390257 -0.00552541 -0.00256706 -0.00613275 -0.000576901 0
-0.00428624 -0.00598909 -0.00390257 -0.00552541 -0.00256706 -0.00613276 -0.0005769 1
-0.00428624 -0.00598909 -0.00390257 -0.0055254 -0.00256706 -0.00613275 -0.0005769 4
-0.00428625 -0.00598909 -0.00390257 -0.00552541 -0.00256706 -0.00613275 -0.0005769 6
-0.00428624 -0.00598909 -0.00390256 -0.0055254 -0.00256706 -0.00613275 -0.000576903 3
-0.00428625 -0.00598909 -0.00390257 -0.0055254 -0.00256706 -0.00613275 -0.000576905 4
-0.00428624 -0.00598909 -0.00390257 -0.0055254 -0.00256706 -0.00613275 -0.000576899 6
-0.00428624 -0.00598909 -0.00390256 -0.0055254 -0.00256706 -0.00613275 -0.0005769 5
-0.00428624 -0.00598909 -0.00390257 -0.0055254 -0.00256707 -0.00613275 -0.000576898 1
-0.00428625 -0.00598909 -0.00390257 -0.00552541 -0.00256706 -0.00613275 -0.000576898 4
-0.00428625 -0.00598909 -0.00390257 -0.00552541 -0.00256706 -0.00613275 -0.000576901 5
-0.00428624 -0.00598909 -0.00390257 -0.00552541 -0.00256706 -0.00613275 -0.000576902 4
-0.00428625 -0.00598909 -0.00390257 -0.00552541 -0.00256706 -0.00613276 -0.000576903 4
-0.00428625 -0.00598909 -0.00390257 -0.0055254 -0.00256707 -0.00613275 -0.000576902 2
-0.00428625 -0.00598909 -0.00390257 -0.0055254 -0.00256707 -0.00613275 -0.000576902 2
-0.00428625 -0.00598909 -0.00390257 -0.0055254 -0.00256706 -0.00613275 -0.000576904 4
-0.00428624 -0.00598909 -0.00390257 -0.0055254 -0.00256706 -0.00613275 -0.000576901 0
-0.00428624 -0.00598909 -0.00390257 -0.00552541 -0.00256706 -0.00613275 -0.000576899 4
-0.00428624 -0.00598909 -0.00390256 -0.0055254 -0.00256706 -0.00613275 -0.000576902 2
-0.00428625 -0.00598909 -0.00390257 -0.00552541 -0.00256706 -0.00613275 -0.000576898 4
-0.00428624 -0.00598909 -0.00390257 -0.00552541 -0.00256706 -0.00613276 -0.000576903 1
-0.00428624 -0.00598909 -0.00390256 -0.0055254 -0.00256706 -0.00613275 -0.000576897 2
-0.00428624 -0.00598909 -0.00390257 -0.00552541 -0.00256706 -0.00613276 -0.0005769 0
-0.00428624 -0.00598909 -0.00390257 -0.00552541 -0.00256706 -0.00613275 -0.000576898 0
-0.00428624 -0.00598909 -0.00390257 -0.0055254 -0.00256706 -0.00613275 -0.000576899 4
-0.00428625 -0.00598909 -0.00390257 -0.00552541 -0.00256706 -0.00613275 -0.000576902 2
-0.00428624 -0.00598909 -0.00390257 -0.00552541 -0.00256706 -0.00613275 -0.000576899 4
-0.00428624 -0.00598909 -0.00390257 -0.0055254 -0.00256706 -0.00613275 -0.000576901 2
-0.00428625 -0.00598909 -0.00390257 -0.00552541 -0.00256706 -0.00613275 -0.000576898 4
-0.00428625 -0.00598909 -0.00390257 -0.0055254 -0.00256706 -0.00613275 -0.000576903 4
-0.00428624 -0.00598909 -0.00390257 -0.00552541 -0.00256706 -0.00613275 -0.000576899 4
-0.00428624 -0.00598909 -0.00390257 -0.00552541 -0.00256706 -0.00613276 -0.0005769 0
-0.00428624 -0.00598909 -0.00390257 -0.0055254 -0.00256706 -0.00613275 -0.000576895 0
-0.00428625 -0.00598909 -0.00390257 -0.0055254 -0.00256706 -0.00613275 -0.000576905 6
-0.00428625 -0.00598909 -0.00390257 -0.0055254 -0.00256706 -0.00613275 -0.000576903 4
-0.00428625 -0.00598909 -0.00390257 -0.0055254 -0.00256707 -0.00613275 -0.000576902 2
-0.00428624 -0.00598909 -0.00390256 -0.0055254 -0.00256706 -0.00613275 -0.000576901 2
-0.00428624 -0.00598909 -0.00390256 -0.0055254 -0.00256706 -0.00613275 -0.000576903 6
-0.00428624 -0.00598909 -0.00390257 -0.00552541 -0.00256706 -0.00613275 -0.0005769 6
-0.00428624 -0.00598909 -0.00390257 -0.00552541 -0.00256706 -0.00613275 -0.0005769 6
-0.00428624 -0.00598909 -0.00390257 -0.0055254 -0.00256706 -0.00613275 -0.000576897 4
-0.00428624 -0.00598909 -0.00390257 -0.00552541 -0.00256706 -0.00613276 -0.0005769 0
-0.00428624 -0.00598909 -0.00390257 -0.00552541 -0.00256706 -0.00613275 -0.000576901 0
-0.00428624 -0.00598909 -0.00390256 -0.0055254 -0.00256706 -0.00613275 -0.000576903 6
-0.00428624 -0.00598909 -0.00390257 -0.00552541 -0.00256706 -0.00613276 -0.0005769 0
-0.00428624 -0.00598909 -0.00390257 -0.00552541 -0.00256706 -0.00613276 -0.000576906 5
-0.00428624 -0.00598909 -0.00390257 -0.00552541 -0.00256706 -0.00613276 -0.0005769 0
-0.00428625 -0.00598909 -0.00390257 -0.0055254 -0.00256707 -0.00613275 -0.000576903 4
-0.00428624 -0.00598909 -0.00390257 -0.00552541 -0.00256706 -0.00613275 -0.0005769 6
-0.00428624 -0.00598909 -0.00390257 -0.00552541 -0.00256706 -0.00613275 -0.000576903 5
-0.00428624 -0.00598909 -0.00390256 -0.0055254 -0.00256706 -0.00613275 -0.0005769 5
-0.00428624 -0.00598909 -0.00390256 -0.0055254 -0.00256706 -0.00613275 -0.000576898 2
-0.00428625 -0.00598909 -0.00390257 -0.0055254 -0.00256706 -0.00613275 -0.000576903 4
-0.00428624 -0.00598909 -0.00390256 -0.0055254 -0.00256706 -0.00613275 -0.0005769 5
-0.00428624 -0.00598909 -0.00390257 -0.00552541 -0.00256706 -0.00613276 -0.000576903 1
-0.00428624 -0.00598909 -0.00390257 -0.00552541 -0.00256706 -0.00613276 -0.000576901 3
-0.00428625 -0.00598909 -0.00390257 -0.0055254 -0.00256706 -0.00613275 -0.000576905 6
-0.00428624 -0.00598909 -0.00390257 -0.00552541 -0.00256706 -0.00613276 -0.000576903 6
-0.00428624 -0.00598909 -0.00390257 -0.00552541 -0.00256706 -0.00613276 -0.000576901 6
-0.00428624 -0.00598909 -0.00390257 -0.00552541 -0.00256706 -0.00613275 -0.000576903 4
-0.00428624 -0.00598909 -0.00390256 -0.0055254 -0.00256706 -0.00613275 -0.000576904 6
-0.00428624 -0.00598909 -0.00390256 -0.0055254 -0.00256706 -0.00613275 -0.000576901 2
-0.00428624 -0.00598909 -0.00390257 -0.00552541 -0.00256706 -0.00613276 -0.000576906 5
-0.00428624 -0.00598909 -0.00390257 -0.0055254 -0.00256706 -0.00613275 -0.000576897 6
-0.00428625 -0.00598909 -0.00390257 -0.00552541 -0.00256706 -0.00613275 -0.000576902 5
-0.00428625 -0.00598909 -0.00390257 -0.0055254 -0.00256706 -0.00613275 -0.000576901 2
-0.00428625 -0.00598909 -0.00390257 -0.00552541 -0.00256706 -0.00613275 -0.0005769 6
-0.00428624 -0.00598909 -0.00390257 -0.0055254 -0.00256707 -0.00613275 -0.000576897 1
-0.00428624 -0.00598909 -0.00390257 -0.0055254 -0.00256706 -0.00613275 -0.000576902 2
-0.00428624 -0.00598909 -0.00390257 -0.0055254 -0.00256706 -0.00613275 -0.000576897 6
-0.00428624 -0.00598909 -0.00390257 -0.0055254 -0.00256706 -0.00613275 -0.000576895 0
-0.00428624 -0.00598909 -0.00390257 -0.00552541 -0.00256706 -0.00613275 -0.000576896 3
-0.00428625 -0.00598909 -0.00390257 -0.0055254 -0.00256706 -0.00613275 -0.000576901 2
-0.00428624 -0.00598909 -0.00390257 -0.00552541 -0.00256706 -0.00613275 -0.000576903 4
-0.00428625 -0.00598909 -0.00390257 -0.00552541 -0.00256706 -0.00613276 -0.000576904 5
-0.00428624 -0.00598909 -0.00390257 -0.00552541 -0.00256706 -0.00613276 -0.0005769 1
-0.00428625 -0.00598909 -0.00390257 -0.0055254 -0.00256707 -0.00613275 -0.000576903 4
-0.00428624 -0.00598909 -0.00390257 -0.0055254 -0.00256707 -0.00613275 -0.000576898 1
-0.00428624 -0.00598909 -0.00390256 -0.0055254 -0.00256706 -0.00613275 -0.000576902 2
-0.00428624 -0.00598909 -0.00390257 -0.00552541 -0.00256706 -0.00613276 -0.000576901 6
-0.00428625 -0.00598909 -0.00390257 -0.0055254 -0.00256706 -0.00613275 -0.000576906 6
-0.00428624 -0.00598909 -0.00390257 -0.0055254 -0.00256706 -0.00613275 -0.000576897 6
-0.00428624 -0.00598909 -0.00390257 -0.0055254 -0.00256706 -0.00613275 -0.000576899 4
-0.00428624 -0.00598909 -0.00390256 -0.0055254 -0.00256706 -0.00613275 -0.000576902 3
-0.00428624 -0.00598909 -0.00390256 -0.00552541 -0.00256706 -0.00613275 -0.000576903 6
-0.00428625 -0.00598909 -0.00390257 -0.00552541 -0.00256706 -0.00613276 -0.000576903 4
-0.00428624 -0.00598909 -0.00390257 -0.0055254 -0.00256707 -0.00613275 -0.000576898 1
-0.00428624 -0.00598909 -0.00390257 -0.00552541 -0.00256706 -0.00613275 -0.000576896 3
-0.00428624 -0.00598909 -0.00390257 -0.00552541 -0.00256706 -0.00613275 -0.000576898 0
-0.00428624 -0.00598909 -0.00390257 -0.0055254 -0.00256706 -0.00613275 -0.000576901 2
-0.00428625 -0.00598909 -0.00390257 -0.00552541 -0.00256706 -0.00613276 -0.000576903 4
-0.00428624 -0.00598909 -0.00390256 -0.00552541 -0.00256706 -0.00613275 -0.000576903 6
-0.00428624 -0.00598909 -0.00390257 -0.00552541 -0.00256706 -0.00613276 -0.000576901 3
-0.00428624 -0.00598909 -0.00390257 -0.00552541 -0.00256706 -0.00613275 -0.000576901 0
-0.00428624 -0.00598909 -0.00390257 -0.00552541 -0.00256706 -0.00613275 -0.000576898 0
-0.00428624 -0.00598909 -0.00390257 -0.0055254 -0.00256707 -0.00613275 -0.000576898 1
-0.00428624 -0.00598909 -0.00390257 -0.00552541 -0.00256706 -0.00613275 -0.000576899 4
-0.00428624 -0.00598909 -0.00390257 -0.00552541 -0.00256706 -0.00613275 -0.000576897 6
-0.00428625 -0.00598909 -0.00390257 -0.0055254 -0.00256707 -0.00613276 -0.000576902 2
-0.00428624 -0.00598909 -0.00390257 -0.0055254 -0.00256706 -0.00613275 -0.000576898 6
-0.00428624 -0.00598909 -0.00390257 -0.0055254 -0.00256706 -0.00613275 -0.000576897 4
-0.00428624 -0.00598909 -0.00390257 -0.00552541 -0.00256706 -0.00613275 -0.000576897 6
-0.00428625 -0.00598909 -0.00390257 -0.00552541 -0.00256706 -0.00613276 -0.000576904 5
-0.00428624 -0.00598909 -0.00390257 -0.00552541 -0.00256706 -0.00613276 -0.000576904 6
-0.00428625 -0.00598909 -0.00390257 -0.00552541 -0.00256706 -0.00613275 -0.0005769 6
-0.00428624 -0.00598909 -0.00390256 -0.0055254 -0.00256706 -0.00613275 -0.0005769 5
-0.00428624 -0.00598909 -0.00390257 -0.0055254 -0.00256706 -0.00613275 -0.000576899 6
-0.00428624 -0.00598909 -0.00390257 -0.0055254 -0.00256706 -0.00613275 -0.000576897 2
-0.00428624 -0.00598909 -0.00390257 -0.00552541 -0.00256706 -0.00613276 -0.000576906 5
-0.00428624 -0.00598909 -0.00390257 -0.00552541 -0.00256706 -0.00613275 -0.000576898 0
-0.00428625 -0.00598909 -0.00390257 -0.00552541 -0.00256706 -0.00613275 -0.000576902 2
-0.00428624 -0.00598909 -0.00390257 -0.00552541 -0.00256706 -0.00613275 -0.000576904 6
-0.00428624 -0.00598909 -0.00390256 -0.0055254 -0.00256706 -0.00613275 -0.000576903 3
-0.00428624 -0.00598909 -0.00390257 -0.0055254 -0.00256706 -0.00613275 -0.000576895 0
-0.00428625 -0.00598909 -0.00390257 -0.00552541 -0.00256706 -0.00613275 -0.000576904 4
-0.00428624 -0.00598909 -0.00390257 -0.0055254 -0.00256706 -0.00613276 -0.000576895 0
-0.00428624 -0.00598909 -0.00390257 -0.0055254 -0.00256707 -0.00613275 -0.000576897 1
-0.00428624 -0.00598909 -0.00390257 -0.00552541 -0.00256706 -0.00613275 -0.0005769 6
-0.00428624 -0.00598909 -0.00390257 -0.00552541 -0.00256706 -0.00613275 -0.000576903 4
-0.00428625 -0.00598909 -0.00390257 -0.00552541 -0.00256706 -0.00613276 -0.000576903 4
-0.00428624 -0.00598909 -0.00390257 -0.00552541 -0.00256706 -0.00613276 -0.000576905 6
-0.00428624 -0.00598909 -0.00390257 -0.00552541 -0.00256706 -0.00613275 -0.0005769 6
-0.00428624 -0.00598909 -0.00390256 -0.00552541 -0.00256706 -0.00613275 -0.000576905 6
-0.00428625 -0.00598909 -0.00390257 -0.00552541 -0.00256706 -0.00613275 -0.000576901 6
-0.00428625 -0.00598909 -0.00390257 -0.00552541 -0.00256706 -0.00613275 -0.0005769 6
-0.00428624 -0.00598909 -0.00390257 -0.00552541 -0.00256706 -0.00613276 -0.000576903 1
-0.00428624 -0.00598909 -0.00390257 -0.00552541 -0.00256706 -0.00613275 -0.000576898 0
-0.00428625 -0.00598909 -0.00390257 -0.00552541 -0.00256706 -0.00613276 -0.000576903 1
-0.00428624 -0.00598909 -0.00390257 -0.00552541 -0.00256706 -0.00613276 -0.000576905 6
-0.00428624 -0.00598909 -0.00390256 -0.0055254 -0.00256706 -0.00613275 -0.000576897 2
-0.00428624 -0.00598909 -0.00390257 -0.00552541 -0.00256706 -0.00613275 -0.000576899 4
-0.00428624 -0.00598909 -0.00390257 -0.00552541 -0.00256706 -0.00613276 -0.000576903 1
-0.00428625 -0.00598909 -0.00390257 -0.0055254 -0.00256706 -0.00613275 -0.0005769 4
-0.00428625 -0.00598909 -0.00390257 -0.0055254 -0.00256706 -0.00613275 -0.000576905 4
-0.00428624 -0.00598909 -0.00390256 -0.0055254 -0.00256706 -0.00613275 -0.0005769 5
-0.00428624 -0.00598909 -0.00390257 -0.00552541 -0.00256706 -0.00613276 -0.0005769 0
-0.00428624 -0.00598909 -0.00390257 -0.00552541 -0.00256706 -0.00613275 -0.0005769 6
-0.00428624 -0.00598909 -0.00390256 -0.0055254 -0.00256706 -0.00613275 -0.000576901 5
-0.00428624 -0.00598909 -0.00390256 -0.0055254 -0.00256706 -0.00613275 -0.000576901 2
-0.00428624 -0.00598909 -0.00390257 -0.00552541 -0.00256706 -0.00613276 -0.000576906 5
-0.00428625 -0.00598909 -0.00390257 -0.0055254 -0.00256706 -0.00613275 -0.000576905 6
-0.00428624 -0.00598909 -0.00390256 -0.0055254 -0.00256706 -0.00613275 -0.000576904 6
-0.00428624 -0.00598909 -0.00390257 -0.00552541 -0.00256706 -0.00613276 -0.000576906 5
-0.00428624 -0.00598909 -0.00390257 -0.00552541 -0.00256706 -0.00613276 -0.000576905 6
-0.00428624 -0.00598909 -0.00390257 -0.00552541 -0.00256706 -0.00613275 -0.000576901 0
-0.00428625 -0.00598909 -0.00390257 -0.00552541 -0.00256706 -0.00613275 -0.000576901 5
-0.00428625 -0.00598909 -0.00390257 -0.0055254 -0.00256706 -0.00613275 -0.000576905 6
-0.00428625 -0.00598909 -0.00390257 -0.00552541 -0.00256706 -0.00613276 -0.000576903 5
-0.00428624 -0.00598909 -0.00390256 -0.0055254 -0.00256706 -0.00613275 -0.000576903 6
-0.00428625 -0.00598909 -0.00390257 -0.0055254 -0.00256706 -0.00613275 -0.000576903 4
-0.00428625 -0.00598909 -0.00390257 -0.00552541 -0.00256706 -0.00613275 -0.000576904 4
-0.00428625 -0.00598909 -0.00390257 -0.00552541 -0.00256706 -0.00613276 -0.000576903 4
-0.00428624 -0.00598909 -0.00390257 -0.00552541 -0.00256706 -0.00613276 -0.000576906 5
-0.00428624 -0.00598909 -0.00390256 -0.0055254 -0.00256706 -0.00613275 -0.000576903 3
-0.00428624 -0.00598909 -0.00390257 -0.00552541 -0.00256706 -0.00613276 -0.000576906 5
-0.00428624 -0.00598909 -0.00390256 -0.0055254 -0.00256706 -0.00613275 -0.000576897 2
-0.00428624 -0.00598909 -0.00390257 -0.00552541 -0.00256706 -0.00613275 -0.000576901 0
-0.00428624 -0.00598909 -0.00390256 -0.00552541 -0.00256706 -0.00613275 -0.000576903 6
-0.00428624 -0.00598909 -0.00390257 -0.00552541 -0.00256706 -0.00613276 -0.0005769 0
-0.00428624 -0.00598909 -0.00390257 -0.00552541 -0.00256706 -0.00613275 -0.000576897 6
-0.00428625 -0.00598909 -0.00390257 -0.0055254 -0.00256707 -0.00613275 -0.000576902 2
-0.00428625 -0.00598909 -0.00390257 -0.00552541 -0.00256706 -0.00613275 -0.000576904 4
-0.00428624 -0.00598909 -0.00390257 -0.00552541 -0.00256706 -0.00613276 -0.000576904 6
-0.00428625 -0.00598909 -0.00390257 -0.00552541 -0.00256706 -0.00613275 -0.000576902 5
-0.00428624 -0.00598909 -0.00390257 -0.00552541 -0.00256706 -0.00613276 -0.0005769 0
-0.00428624 -0.00598909 -0.00390257 -0.00552541 -0.00256706 -0.00613276 -0.000576901 3
-0.00428624 -0.00598909 -0.00390257 -0.00552541 -0.00256706 -0.00613275 -0.000576898 6
-0.00428624 -0.00598909 -0.00390256 -0.0055254 -0.00256706 -0.00613275 -0.0005769 5
-0.00428624 -0.00598909 -0.00390256 -0.0055254 -0.00256706 -0.00613275 -0.000576904 6
-0.00428624 -0.00598909 -0.00390257 -0.00552541 -0.00256706 -0.00613275 -0.000576899 4
-0.00428624 -0.00598909 -0.00390256 -0.0055254 -0.00256706 -0.00613275 -0.000576903 3
-0.00428624 -0.00598909 -0.00390257 -0.0055254 -0.00256706 -0.00613275 -0.000576901 0
