-8.7745e-09 -3.77003e-09 0
-1.42943e-08 -4.38949e-09 0
-3.18934e-09 -2.83544e-08 0
-8.77344e-10 -7.41787e-09 0
-1.35182e-08 -4.69164e-08 0
-1.56015e-08 -9.75186e-10 0
-1.25542e-08 8.94889e-09 0
-4.69694e-09 -1.42961e-08 0
-1.62417e-08 -4.45568e-09 0
-8.57206e-09 -7.365e-09 0
-1.78803e-08 -2.13273e-08 1
6.65436e-09 -1.36375e-08 0
-4.71666e-09 -1.69919e-08 0
5.25037e-09 -4.39781e-09 0
-5.58004e-09 8.04614e-11 0
-2.37988e-08 -1.39217e-08 0
-2.5283e-08 -2.44491e-08 0
-1.351e-08 1.14582e-08 0
8.44796e-09 -1.67531e-08 0
-1.13637e-08 2.83384e-09 1
-1.62755e-08 -1.56642e-08 0
-9.89555e-09 -2.14132e-08 1
3.40067e-09 -2.35209e-08 1
-1.09629e-08 -2.2159e-08 0
2.81779e-09 -2.48812e-08 0
-8.00106e-09 -2.94191e-08 0
6.21825e-10 -4.50894e-09 1
-1.5124e-08 -1.54542e-08 0
7.91898e-09 -2.0702e-08 0
2.11336e-08 -2.84057e-08 1
-2.68517e-09 -1.78821e-08 0
1.63932e-09 -3.70451e-09 0
7.28175e-09 3.97845e-09 0
-3.82387e-09 -3.09503e-09 1
-1.73697e-08 -1.65735e-08 1
-7.80612e-09 -1.16736e-08 0
1.44306e-08 -4.50332e-09 1
1.3647e-09 -1.28016e-08 0
-5.04948e-10 -2.50073e-08 0
-1.71741e-08 2.63629e-08 1
-3.44011e-08 2.58509e-08 0
-4.88308e-09 -2.02396e-08 1
-1.57298e-08 1.13443e-08 0
-7.95502e-09 -8.11191e-09 1
6.80078e-09 -3.49205e-08 0
-2.70059e-08 -2.09633e-08 1
5.85236e-09 -6.81681e-09 0
-4.92937e-09 -1.07143e-08 0
6.40574e-09 -3.53038e-08 0
-1.47004e-08 -2.21261e-08 0
-2.24737e-08 1.05711e-09 1
-1.83813e-08 -6.54334e-09 0
-2.56138e-09 -5.88424e-09 0
-2.54528e-09 1.23142e-08 0
3.00699e-08 -1.41498e-08 0
9.82186e-09 6.27401e-09 1
1.26774e-08 -5.59235e-08 0
-6.06515e-09 1.08932e-08 1
4.7039e-09 8.51872e-09 0
1.31967e-08 -1.83195e-08 0
-1.52327e-08 1.39383e-08 0
-2.51509e-08 -2.47835e-09 1
-1.22261e-08 9.29965e-09 0
-1.46245e-08 -1.7473e-08 1
1.89264e-09 3.4462e-09 0
-1.8531e-08 -6.41386e-10 0
-1.37061e-08 -2.03598e-08 0
1.30539e-08 -2.02322e-08 0
-2.55411e-08 -1.64569e-08 0
-1.42889e-08 -4.29277e-08 1
-7.5694e-09 -4.05553e-09 0
1.66372e-08 9.30921e-09 1
-1.28158e-08 -1.94248e-08 0
-1.74285e-08 1.73889e-08 0
-8.75228e-09 -7.43482e-09 0
8.85171e-09 5.65155e-09 1
-4.18892e-08 3.11035e-09 0
4.08617e-09 -3.01516e-08 0
1.54286e-08 -2.98679e-08 1
-2.06647e-08 -2.2766e-08 0
-1.02059e-08 1.35158e-09 0
-5.80323e-09 -4.61679e-08 0
-6.17513e-09 -1.01796e-08 0
1.04776e-08 -4.02375e-09 0
-5.84037e-09 1.19611e-08 1
-7.82166e-09 -6.80998e-09 0
-2.74141e-08 -6.01176e-09 1
-1.11379e-08 -4.11655e-08 0
-3.80794e-09 -1.7888e-08 0
3.46966e-09 2.56207e-09 0
-1.96797e-08 -3.79575e-08 0
-9.60931e-09 -5.5034e-09 0
-5.24116e-09 -2.92435e-08 0
9.74456e-09 2.44454e-08 0
-2.69917e-08 -1.20464e-08 0
5.52233e-09 -4.16623e-10 0
2.44743e-09 6.08017e-09 0
4.6096e-10 -1.2534e-08 0
-7.64887e-09 5.01574e-08 1
-5.21232e-08 -1.77334e-08 1
18.2084 -20.8086 0
18.6204 -24.8372 0
14.2603 -25.9162 0
13.0057 -16.3882 0
15.4136 -12.7238 1
17.952 -21.4249 1
23.8913 -28.4716 0
17.7304 -22.9242 0
14.1057 -20.3063 0
19.6626 -25.2992 0
19.9509 -21.0221 0
14.7424 -20.3164 0
18.6204 -24.8372 0
14.1057 -20.3063 0
17.7272 -20.852 1
15.3328 -21.5781 0
23.3762 -23.9455 1
17.8386 -22.69 0
19.1785 -21.2739 0
19.1899 -24.1837 0
13.5644 -20.0462 0
16.3791 -18.4142 0
19.6234 -25.272 0
15.3328 -21.5781 0
15.1289 -17.1864 0
21.2546 -25.9182 0
15.7212 -19.0498 0
23.2432 -28.9724 0
15.7212 -19.0498 0
19.6234 -25.272 0
17.7304 -22.9242 0
17.1664 -18.8407 1
13.8487 -15.9078 0
21.0901 -22.703 1
13.5644 -20.0462 0
13.8688 -15.9936 0
18.0937 -21.2248 0
13.2549 -16.3706 0
18.2919 -21.2764 0
19.8583 -28.0479 0
18.7969 -24.7182 0
15.7979 -20.1441 0
14.5626 -20.6184 0
17.8386 -22.69 0
16.7761 -20.3686 0
17.7366 -21.1343 1
14.2182 -16.5818 0
18.0937 -21.2248 0
15.6082 -18.8615 0
16.8113 -18.9123 0
14.883 -18.1765 0
17.2572 -18.1696 1
15.3622 -13.4029 1
16.8113 -18.9123 0
14.9585 -16.7601 0
17.7366 -21.1343 1
16.7793 -21.6629 0
15.7556 -20.8385 1
14.9585 -16.7601 0
14.5377 -21.761 0
15.7232 -17.101 0
23.0397 -24.5402 1
18.9709 -24.6292 0
16.3791 -18.4142 0
18.3074 -20.7189 0
21.465 -26.5122 1
15.6489 -19.7435 0
18.2084 -20.8086 0
17.0507 -20.5138 0
16.3998 -21.3583 0
14.0057 -25.8317 0
19.0459 -24.6614 0
15.6082 -18.8615 0
20.807 -24.1875 1
23.498 -28.6308 0
15.6234 -18.7763 0
17.531 -17.9395 1
19.5697 -25.2627 0
13.1205 -16.3867 0
17.0507 -20.5138 0
17.7272 -20.852 1
20.807 -24.1875 1
17.956 -21.3 0
19.7097 -20.9379 0
15.4136 -12.7238 1
13.6361 -20.1962 0
19.8056 -21.1351 0
14.7424 -20.3164 0
20.6391 -25.0398 1
15.1553 -18.1777 0
15.7035 -20.7733 1
19.7589 -28.0346 0
15.7035 -20.7733 1
16.7761 -20.3686 0
21.0901 -22.703 1
19.7589 -28.0346 0
13.7174 -15.8128 0
17.4954 -19.2912 1
17.8448 -21.2548 1
15.6434 -20.3757 0
-4.31308e-09 -9.47318e-09 0
-1.11862e-09 -1.07042e-08 0
-4.64744e-09 -1.18996e-08 1
-7.68086e-09 -8.15509e-09 1
-3.98143e-09 -1.08019e-08 0
-3.88978e-09 -9.85717e-09 0
-2.77433e-09 -6.25662e-09 0
-7.84495e-09 -9.1444e-09 1
-3.00944e-09 -9.05661e-09 0
-8.25486e-09 -6.77421e-09 1
-9.37503e-09 -3.76093e-09 0
-4.58879e-09 -1.24617e-08 0
-3.81539e-09 -9.54139e-09 0
-1.41212e-09 -1.11826e-08 0
-4.81219e-09 -1.16738e-08 0
-4.31308e-09 -9.47318e-09 0
-3.96389e-09 -5.24876e-09 0
-2.21082e-09 -8.31184e-09 1
-7.55337e-09 -1.31704e-08 0
-3.88507e-09 -1.33888e-08 1
-3.98143e-09 -1.08019e-08 0
-4.22604e-09 -1.1133e-08 0
-3.00944e-09 -9.05661e-09 0
-4.97306e-09 -9.19445e-09 0
-3.49477e-09 -1.03648e-08 0
-4.51458e-09 -1.01874e-08 0
-1.29824e-09 -1.17645e-08 0
-3.13064e-09 -1.19932e-08 1
-8.10394e-09 -7.1697e-09 1
-4.22604e-09 -1.1133e-08 0
-4.63858e-09 -9.88949e-09 0
-4.52257e-09 -1.06152e-08 0
-1.21305e-09 -1.11094e-08 0
-1.87888e-09 -1.10097e-08 0
-2.60127e-09 -1.43275e-08 0
-8.24801e-09 -1.35404e-08 0
-3.2604e-09 -7.76928e-09 0
-7.84495e-09 -9.1444e-09 1
-3.13064e-09 -1.19932e-08 1
-3.27822e-09 -6.04751e-09 0
-5.38579e-09 -5.88755e-09 0
-7.72338e-09 -9.07016e-09 1
-4.70954e-09 -1.09685e-08 0
-9.86891e-09 -5.36346e-09 1
-5.97796e-09 -6.99952e-09 0
-5.9412e-09 -1.00185e-08 1
-3.60816e-09 -1.42823e-08 1
-8.1761e-09 -5.80815e-09 0
-5.47928e-09 -1.12728e-08 0
-1.03318e-08 -5.32455e-09 1
-8.43048e-09 -6.18959e-09 0
-1.87888e-09 -1.10097e-08 0
-3.2604e-09 -7.76928e-09 0
-1.41212e-09 -1.11826e-08 0
-8.54229e-09 -6.21704e-09 0
-6.59769e-09 -1.13665e-08 0
-7.64463e-09 -1.01685e-08 0
-1.11862e-09 -1.07042e-08 0
-2.14323e-09 -8.54167e-09 1
-3.27822e-09 -6.04751e-09 0
-4.58879e-09 -1.24617e-08 0
-4.5131e-10 -8.60174e-09 0
-5.9412e-09 -1.00185e-08 1
-3.92423e-09 -1.04676e-08 0
-4.06707e-09 -9.76726e-09 0
-4.81069e-09 -6.15181e-09 1
-3.56385e-09 -8.20763e-09 0
-4.51458e-09 -1.01874e-08 0
-3.40086e-09 -1.34773e-08 1
-5.58583e-09 -1.20094e-08 0
-6.52975e-09 -7.67743e-09 0
-3.78719e-09 -1.34061e-08 1
-4.92358e-09 -1.38666e-08 1
-9.86891e-09 -5.36346e-09 1
-5.08907e-09 -6.62112e-09 1
-8.82919e-09 -5.36931e-09 1
-8.24801e-09 -1.35404e-08 0
-8.54229e-09 -6.21704e-09 0
-8.1761e-09 -5.80815e-09 0
-8.82919e-09 -5.36931e-09 1
-5.58583e-09 -1.20094e-08 0
-3.40086e-09 -1.34773e-08 1
-5.30631e-09 -7.86567e-09 0
-3.89714e-09 -9.17897e-09 0
-8.54755e-09 -3.76005e-09 0
-5.02186e-09 -1.13244e-08 0
-3.07169e-09 -1.03352e-08 0
-3.81539e-09 -9.54139e-09 0
-1.62461e-09 -6.84194e-09 0
-7.5774e-09 -9.45436e-09 0
-5.30631e-09 -7.86567e-09 0
-3.88978e-09 -9.85717e-09 0
-2.12091e-09 -1.31964e-08 1
-3.03895e-09 -6.19071e-09 0
-5.51334e-09 -6.98434e-09 0
2.96252e-10 -8.53017e-09 0
-6.78086e-09 -1.16119e-08 0
-7.72338e-09 -9.07016e-09 1
-3.60816e-09 -1.42823e-08 1
-5.1849e-09 -6.188e-09 0
-1.8309e-08 -9.55409e-09 1
-2.71129e-08 1.12111e-08 0
-3.12954e-08 -2.99028e-08 0
-1.3296e-08 -1.70366e-08 0
-2.9969e-09 -2.31587e-08 0
-3.74153e-09 -1.93633e-08 0
7.93092e-09 2.78755e-09 0
-4.66594e-10 -3.19411e-09 0
1.5127e-08 -1.30005e-08 0
-2.94309e-08 -5.54989e-08 0
2.23695e-08 2.04695e-09 0
4.80759e-09 -6.03878e-09 0
-7.10669e-09 -1.63377e-08 1
-2.77922e-09 -3.80455e-08 1
-1.5016e-08 -4.42771e-09 1
-1.93422e-08 1.62774e-08 0
-1.19126e-08 -7.17215e-09 0
-1.74429e-08 -9.55554e-09 0
-3.53102e-09 -1.61303e-08 0
-1.40218e-08 -3.87541e-08 1
1.42531e-09 -4.87425e-08 0
-9.77277e-09 1.22778e-08 1
-3.10598e-09 -2.26997e-08 0
2.41408e-08 -3.1272e-09 1
-3.12216e-09 -2.0226e-09 0
-1.61667e-08 -2.12842e-09 0
-1.75544e-09 -9.21764e-09 0
-1.7807e-09 -6.97694e-10 0
3.16499e-09 3.72711e-10 1
-1.33517e-08 -1.2675e-08 1
8.4717e-09 5.13769e-10 0
3.79997e-09 -2.73242e-08 0
1.24954e-08 -1.73206e-08 1
-1.38419e-08 -1.08821e-08 0
1.34298e-08 -1.19716e-09 0
-4.94552e-09 1.24688e-09 1
-4.62183e-09 -2.42015e-08 0
-6.3868e-09 -4.37936e-08 0
-6.88096e-09 -5.0213e-09 0
1.67647e-09 1.53769e-08 0
2.84551e-09 4.94026e-09 0
-2.12395e-08 2.65106e-08 0
4.66619e-09 -1.72028e-08 0
3.39937e-09 -6.5744e-09 0
-3.22458e-08 7.52696e-10 0
-1.96208e-09 -1.94949e-09 0
-2.25158e-09 -2.22675e-09 1
-1.16504e-08 -4.29379e-09 0
-5.73359e-11 -2.39371e-08 0
-1.0079e-08 -3.13254e-08 0
-1.08986e-08 2.99271e-09 1
-2.04905e-08 -3.49003e-08 0
9.37801e-09 -7.71032e-09 1
-2.26863e-08 -1.39973e-08 0
5.78252e-09 -1.04481e-08 0
-1.51321e-08 -1.46432e-08 0
1.20107e-08 -4.55713e-08 1
8.20687e-09 -3.12132e-08 0
1.40711e-08 -7.61693e-09 0
4.86272e-09 -3.12072e-08 0
7.23553e-09 -1.74897e-08 1
-1.78332e-08 2.40436e-08 1
2.64872e-08 -1.48186e-08 1
-8.38532e-09 3.51173e-08 0
3.93044e-09 1.49694e-08 0
-4.57321e-10 -2.72348e-08 0
1.29234e-08 -3.35361e-08 0
8.63322e-10 -2.68612e-08 1
5.85108e-09 -9.32519e-09 0
5.37267e-10 7.93898e-09 0
2.02534e-08 -2.70709e-09 0
-3.33005e-08 -1.75779e-08 0
-5.02189e-09 -3.96165e-08 1
-3.49071e-09 -6.71678e-09 1
-1.49342e-08 -7.08584e-09 0
-1.83458e-08 -1.63812e-08 1
-2.86129e-08 -2.24676e-08 1
-2.05743e-08 2.17637e-08 0
-1.09752e-08 -3.90605e-08 0
-2.993e-09 -3.4043e-09 0
8.98659e-09 -1.29187e-08 0
6.14091e-09 -2.45193e-08 0
-5.64224e-09 -1.23073e-08 1
1.5068e-09 -2.63757e-08 1
-1.05576e-08 -4.78642e-09 0
-1.04347e-08 -3.20453e-08 0
-1.1985e-08 -1.60438e-08 0
3.80699e-08 1.09273e-08 0
-1.77217e-08 5.50854e-09 1
-5.79797e-09 6.5125e-09 0
1.02624e-08 -1.00231e-08 0
7.96236e-09 1.37572e-09 0
1.2438e-08 -4.66934e-08 1
-1.08312e-08 -1.30131e-09 0
1.73329e-08 2.80327e-09 0
-2.48073e-08 -1.32414e-08 1
-4.76031e-09 -1.67168e-08 0
1.11763e-08 6.63989e-09 0
-1.75663e-08 -1.87606e-08 1
-2.94659e-08 3.31032e-08 1
0.000799998 -0.000171443 1
0.0008 -0.000171441 0
0.000799997 -0.000171437 0
0.000799996 -0.00017144 0
0.0008 -0.000171436 0
0.000799992 -0.000171433 0
0.000800001 -0.000171438 0
0.000799997 -0.000171438 0
0.000799998 -0.000171437 0
0.000799996 -0.000171436 0
0.000799997 -0.000171435 1
0.000799994 -0.000171442 0
0.000799997 -0.000171439 0
0.000799997 -0.000171437 0
0.000799999 -0.000171443 0
0.000799993 -0.000171436 1
0.000799996 -0.000171441 0
0.000799999 -0.000171442 1
0.000799998 -0.000171438 0
0.000800001 -0.00017144 0
0.000799997 -0.000171442 1
0.000799996 -0.000171442 1
0.000799997 -0.000171439 0
0.000799993 -0.000171433 0
0.000799998 -0.000171437 0
0.000799998 -0.000171439 0
0.000799995 -0.000171442 1
0.000799994 -0.000171442 0
0.000799995 -0.000171442 1
0.000799996 -0.00017144 0
0.000799997 -0.000171434 0
0.000799996 -0.00017144 0
0.000799993 -0.000171433 0
0.000799993 -0.000171442 0
0.000799993 -0.000171435 0
0.000799997 -0.00017144 0
0.000799991 -0.000171434 1
0.000799995 -0.000171437 0
0.0008 -0.000171441 0
0.000799995 -0.00017144 0
0.000799998 -0.000171438 0
0.000799999 -0.000171442 1
0.000799997 -0.000171439 0
0.000799993 -0.000171436 1
0.000799996 -0.000171442 1
0.000799997 -0.00017144 0
0.000799997 -0.000171441 0
0.000799999 -0.000171443 0
0.000799996 -0.000171443 1
0.000799995 -0.000171437 0
0.000799998 -0.000171439 0
0.000799996 -0.000171438 0
0.000799994 -0.000171442 0
0.000799997 -0.000171439 0
0.000799998 -0.000171439 0
0.0008 -0.00017144 0
0.000799998 -0.000171437 0
0.000800001 -0.000171438 0
0.000799994 -0.000171442 0
0.000799997 -0.000171442 1
0.000799998 -0.000171439 0
0.000799998 -0.000171442 1
0.000799997 -0.00017144 0
0.000799999 -0.000171437 1
0.000799996 -0.000171435 1
0.000800001 -0.00017144 0
0.000799999 -0.000171437 0
0.000799997 -0.00017144 0
0.000799996 -0.000171441 1
0.000799997 -0.000171439 0
0.000799996 -0.000171441 0
0.000799998 -0.000171439 0
0.000799994 -0.000171438 0
0.0008 -0.000171436 0
0.000799996 -0.000171435 1
0.000799992 -0.000171433 0
0.000799993 -0.000171436 1
0.000799996 -0.000171435 1
0.000799996 -0.000171441 0
0.000799997 -0.000171439 0
0.000799996 -0.000171438 0
0.000799998 -0.000171443 1
0.000799998 -0.000171437 0
0.000799996 -0.000171435 0
0.000799998 -0.000171435 0
0.000799998 -0.000171439 0
0.000799997 -0.000171438 0
0.0008 -0.000171436 0
0.000799999 -0.000171442 1
0.000799999 -0.000171442 0
0.000799997 -0.000171439 0
0.000799998 -0.000171437 0
0.000799998 -0.000171438 0
0.000799997 -0.000171437 0
0.000799998 -0.000171443 1
0.000799993 -0.000171436 1
0.000799996 -0.00017144 0
0.000799997 -0.000171441 1
0.000799993 -0.000171435 0
0.000799993 -0.000171435 0
0.0008 -0.00017143 0
0.000800005 -0.000171432 0
0.000800017 -0.000171424 1
0.000800004 -0.000171435 0
0.000800008 -0.000171427 0
0.000799997 -0.000171443 0
0.000799973 -0.000171438 0
0.000800001 -0.000171463 0
0.000799979 -0.00017145 0
0.000800014 -0.000171432 1
0.000799981 -0.000171429 0
0.000799999 -0.000171451 1
0.000800001 -0.000171422 0
0.000799982 -0.000171459 1
0.000800013 -0.000171444 0
0.000799986 -0.000171449 1
0.000800003 -0.000171442 0
0.000799973 -0.000171419 0
0.000800003 -0.000171448 0
0.000800016 -0.000171434 1
0.000799967 -0.000171445 0
0.00079999 -0.000171432 0
0.000799989 -0.000171428 1
0.000799986 -0.000171449 1
0.000799998 -0.000171431 1
0.000800001 -0.000171412 0
0.000799985 -0.000171439 1
0.000800006 -0.000171414 1
0.000799988 -0.000171414 0
0.000799981 -0.000171435 1
0.00079999 -0.000171469 0
0.000799969 -0.000171433 0
0.000799972 -0.000171446 0
0.000799994 -0.000171457 0
0.000799989 -0.000171458 1
0.000800008 -0.000171476 1
0.000800001 -0.00017145 0
0.000799982 -0.000171436 1
0.00079998 -0.000171448 0
0.000799994 -0.000171472 0
0.000799993 -0.00017142 1
0.000799989 -0.000171442 0
0.000799986 -0.000171463 0
0.000800012 -0.000171395 0
0.000800008 -0.000171422 0
0.000799997 -0.000171429 0
0.000800015 -0.000171435 0
0.000799961 -0.00017146 0
0.000799983 -0.000171438 0
0.000799988 -0.000171433 0
0.000799988 -0.00017145 0
0.000800004 -0.000171459 1
0.000800009 -0.000171473 0
0.000799986 -0.000171451 1
0.000799986 -0.000171427 0
0.000799985 -0.000171431 0
0.000799989 -0.000171438 0
0.000799992 -0.000171458 0
0.000799982 -0.000171415 1
0.000800001 -0.000171436 0
0.000799995 -0.00017145 0
0.000800011 -0.000171421 0
0.000800003 -0.000171443 1
0.000800001 -0.00017145 0
0.000800003 -0.000171437 0
0.000799992 -0.000171414 1
0.000800011 -0.00017142 0
0.000800008 -0.000171408 0
0.000799991 -0.000171435 1
0.000799984 -0.000171446 0
0.000799987 -0.000171445 1
0.000799995 -0.000171434 0
0.000799999 -0.000171415 0
0.000799996 -0.000171457 0
0.000799995 -0.000171423 0
0.00080001 -0.000171455 1
0.000800011 -0.000171434 0
0.000800004 -0.000171441 0
0.000800004 -0.000171435 0
0.000800005 -0.000171471 0
0.000800012 -0.000171428 1
0.000800002 -0.000171449 0
0.000800003 -0.000171437 0
0.000800024 -0.000171428 0
0.000800014 -0.000171459 0
0.000800004 -0.000171462 1
0.000799995 -0.000171443 0
0.000800004 -0.000171396 0
0.000799974 -0.000171427 0
0.000800006 -0.000171444 0
0.000800017 -0.000171427 0
0.000799988 -0.000171443 0
0.000799989 -0.000171435 0
0.000800016 -0.000171498 0
0.000799998 -0.000171434 1
0.000800007 -0.000171439 0
0.000799993 -0.000171448 1
0.000799988 -0.000171432 0
0.000799992 -0.000171448 1
0.000800011 -0.000171453 0
0.00235903 -0.000576901 0
0.00235903 -0.000576905 0
0.00235903 -0.0005769 0
0.00235903 -0.000576903 0
0.00235903 -0.000576902 0
0.00235903 -0.000576902 0
0.00235903 -0.000576905 1
0.00235903 -0.000576897 0
0.00235903 -0.000576903 0
0.00235903 -0.000576898 1
0.00235903 -0.000576904 1
0.00235902 -0.000576901 0
0.00235903 -0.000576903 0
0.00235903 -0.000576901 0
0.00235902 -0.000576901 1
0.00235902 -0.000576897 1
0.00235903 -0.000576897 0
0.00235903 -0.000576904 1
0.00235903 -0.000576898 0
0.00235903 -0.000576898 0
0.00235902 -0.000576897 1
0.00235903 -0.000576902 0
0.00235903 -0.0005769 0
0.00235903 -0.000576902 0
0.00235903 -0.0005769 0
0.00235903 -0.000576905 1
0.00235903 -0.000576896 0
0.00235903 -0.0005769 0
0.00235903 -0.000576901 0
0.00235903 -0.0005769 0
0.00235903 -0.0005769 0
0.00235902 -0.0005769 1
0.00235903 -0.000576903 0
0.00235902 -0.000576905 0
0.00235902 -0.000576899 1
0.00235903 -0.0005769 0
0.00235903 -0.000576898 0
0.00235903 -0.000576898 0
0.00235903 -0.000576901 0
0.00235903 -0.000576902 0
0.00235903 -0.000576903 0
0.00235903 -0.000576902 0
0.00235903 -0.000576902 0
0.00235902 -0.000576904 0
0.00235903 -0.000576901 0
0.00235903 -0.000576899 0
0.00235902 -0.000576902 0
0.00235903 -0.000576898 0
0.00235903 -0.000576903 0
0.00235902 -0.000576897 0
0.00235903 -0.0005769 0
0.00235903 -0.000576898 0
0.00235903 -0.000576899 0
0.00235903 -0.000576902 0
0.00235903 -0.000576899 0
0.00235903 -0.000576901 0
0.00235903 -0.000576898 0
0.00235903 -0.000576903 0
0.00235903 -0.000576899 0
0.00235903 -0.0005769 0
0.00235902 -0.000576895 0
0.00235903 -0.000576905 1
0.00235903 -0.000576903 0
0.00235903 -0.000576902 0
0.00235902 -0.000576901 0
0.00235903 -0.000576903 1
0.00235903 -0.0005769 1
0.00235903 -0.0005769 1
0.00235903 -0.000576897 0
0.00235903 -0.0005769 0
0.00235903 -0.000576901 0
0.00235903 -0.000576903 1
0.00235903 -0.0005769 0
0.00235903 -0.000576906 0
0.00235903 -0.0005769 0
0.00235903 -0.000576903 0
0.00235903 -0.0005769 1
0.00235903 -0.000576903 0
0.00235903 -0.0005769 0
0.00235902 -0.000576898 0
0.00235903 -0.000576903 0
0.00235903 -0.0005769 0
0.00235903 -0.000576903 0
0.00235903 -0.000576901 0
0.00235903 -0.000576905 1
0.00235903 -0.000576903 1
0.00235903 -0.000576901 1
0.00235903 -0.000576903 0
0.00235903 -0.000576904 1
0.00235902 -0.000576901 0
0.00235903 -0.000576906 0
0.00235902 -0.000576897 1
0.00235903 -0.000576902 0
0.00235903 -0.000576901 0
0.00235902 -0.0005769 1
0.00235903 -0.000576897 0
0.00235903 -0.000576902 0
0.00235902 -0.000576897 1
0.00235902 -0.000576895 0
0.00235903 -0.000576896 0
0.00235903 -0.000576901 0
0.00235903 -0.000576903 0
0.00235903 -0.000576904 0
0.00235903 -0.0005769 0
0.00235903 -0.000576903 0
0.00235903 -0.000576898 0
0.00235902 -0.000576902 0
0.00235903 -0.000576901 1
0.00235903 -0.000576906 1
0.00235902 -0.000576897 1
0.00235903 -0.000576899 0
0.00235903 -0.000576902 0
0.00235903 -0.000576903 1
0.00235903 -0.000576903 0
0.00235903 -0.000576898 0
0.00235903 -0.000576896 0
0.00235903 -0.000576898 0
0.00235903 -0.000576901 0
0.00235903 -0.000576903 0
0.00235903 -0.000576903 1
0.00235903 -0.000576901 0
0.00235903 -0.000576901 0
0.00235903 -0.000576898 0
0.00235903 -0.000576898 0
0.00235903 -0.000576899 0
0.00235903 -0.000576897 1
0.00235903 -0.000576902 0
0.00235902 -0.000576898 1
0.00235903 -0.000576897 0
0.00235903 -0.000576897 1
0.00235903 -0.000576904 0
0.00235903 -0.000576904 1
0.00235902 -0.0005769 1
0.00235903 -0.0005769 0
0.00235902 -0.000576899 1
0.00235902 -0.000576897 0
0.00235903 -0.000576906 0
0.00235903 -0.000576898 0
0.00235903 -0.000576902 0
0.00235903 -0.000576904 1
0.00235903 -0.000576903 0
0.00235902 -0.000576895 0
0.00235902 -0.000576904 0
0.00235902 -0.000576895 0
0.00235903 -0.000576897 0
0.00235903 -0.0005769 1
0.00235903 -0.000576903 0
0.00235903 -0.000576903 0
0.00235903 -0.000576905 1
0.00235903 -0.0005769 1
0.00235903 -0.000576905 1
0.00235902 -0.000576901 1
0.00235902 -0.0005769 1
0.00235903 -0.000576903 0
0.00235903 -0.000576898 0
0.00235903 -0.000576903 0
0.00235903 -0.000576905 1
0.00235902 -0.000576897 0
0.00235903 -0.000576899 0
0.00235903 -0.000576903 0
0.00235903 -0.0005769 0
0.00235902 -0.000576905 0
0.00235903 -0.0005769 0
0.00235903 -0.0005769 0
0.00235903 -0.0005769 1
0.00235903 -0.000576901 0
0.00235902 -0.000576901 0
0.00235903 -0.000576906 0
0.00235903 -0.000576905 1
0.00235903 -0.000576904 1
0.00235903 -0.000576906 0
0.00235903 -0.000576905 1
0.00235903 -0.000576901 0
0.00235903 -0.000576901 0
0.00235903 -0.000576905 1
0.00235903 -0.000576903 0
0.00235903 -0.000576903 1
0.00235903 -0.000576903 0
0.00235902 -0.000576904 0
0.00235903 -0.000576903 0
0.00235903 -0.000576906 0
0.00235903 -0.000576903 0
0.00235903 -0.000576906 0
0.00235902 -0.000576897 0
0.00235903 -0.000576901 0
0.00235903 -0.000576903 1
0.00235903 -0.0005769 0
0.00235903 -0.000576897 1
0.00235903 -0.000576902 0
0.00235902 -0.000576904 0
0.00235903 -0.000576904 1
0.00235903 -0.000576902 0
0.00235903 -0.0005769 0
0.00235903 -0.000576901 0
0.00235903 -0.000576898 1
0.00235903 -0.0005769 0
0.00235903 -0.000576904 1
0.00235903 -0.000576899 0
0.00235903 -0.000576903 0
0.00235903 -0.000576901 0
