5.0345e-10 6.30502e-09 0
-1.34322e-09 6.52756e-09 0
1.71072e-08 1.33968e-08 0
5.59985e-09 -1.91808e-09 0
1.8784e-08 -2.13907e-08 0
-1.26627e-08 1.46049e-08 0
3.13541e-08 -1.61772e-08 0
-3.8735e-09 -1.06139e-08 0
-3.65475e-08 -1.02037e-08 0
3.11625e-09 -7.22161e-10 0
3.18127e-09 -3.24911e-08 0
-6.64468e-09 2.78605e-09 0
-9.31189e-10 -1.09047e-09 0
-1.86291e-09 -2.20623e-08 0
-7.58895e-09 -1.63749e-08 0
-1.84253e-09 -1.58323e-08 0
2.30417e-08 -4.48877e-09 0
7.67115e-09 -1.37478e-08 0
-9.26907e-09 9.40235e-09 1
-4.3398e-09 -3.75384e-09 0
-5.32025e-09 -1.90749e-08 0
-1.95622e-08 -1.12289e-08 0
1.20861e-09 3.70207e-09 0
5.95491e-09 -8.94956e-09 0
-4.3702e-08 -2.85263e-08 0
-2.68251e-08 -3.67231e-08 0
-3.70896e-09 5.66003e-09 0
7.14737e-10 -2.54346e-08 0
3.01859e-08 -8.18328e-09 0
-2.70674e-08 -3.1552e-08 0
-3.26691e-08 -1.26986e-08 0
9.31571e-09 3.98236e-09 0
1.10743e-08 -8.19153e-09 0
7.11624e-09 6.59623e-09 0
8.23094e-09 -2.29781e-08 0
2.12034e-08 3.70514e-09 0
-2.52727e-08 -2.26687e-08 0
-8.28644e-09 -6.8222e-09 0
-9.34786e-10 -1.8917e-08 0
9.47582e-09 2.1118e-09 0
-2.57274e-08 1.1789e-08 0
1.39758e-08 -2.15543e-08 0
4.80409e-10 -2.28974e-08 0
-2.05479e-08 -3.25445e-08 0
1.30853e-08 -6.74389e-09 0
-3.71279e-08 -6.29881e-09 0
-2.67015e-08 -2.32455e-08 0
2.33113e-09 3.03166e-09 1
-3.09011e-08 -3.42603e-08 0
6.18899e-09 -2.22653e-08 0
-1.48496e-08 -2.16818e-08 0
-6.68467e-09 4.8315e-10 0
5.22301e-10 -8.35634e-09 0
-2.7198e-08 -1.27298e-08 0
-6.93942e-09 -4.77919e-09 0
-7.07001e-09 4.192e-09 0
-9.94679e-09 -2.29518e-08 0
-1.95547e-10 5.84068e-09 0
-1.32681e-08 -2.84766e-08 0
2.2724e-09 -1.64875e-08 0
-4.8112e-09 -8.87706e-09 0
-2.6389e-08 -3.85019e-08 0
-9.74596e-09 1.69766e-09 0
3.45786e-09 -6.5142e-09 0
-1.14721e-08 1.31227e-08 0
-1.00632e-08 -3.78379e-08 0
2.46266e-08 2.62992e-08 0
8.00349e-09 -1.18045e-08 0
1.67428e-08 2.07313e-08 0
1.93367e-08 -9.67057e-09 0
-8.8428e-09 5.31342e-09 0
-2.49565e-08 -6.05293e-09 0
1.58797e-08 -1.6439e-08 0
3.036e-08 1.23657e-08 0
3.98144e-09 1.6961e-09 0
-8.6309e-09 -1.47574e-08 0
3.1194e-09 -8.72048e-09 0
-1.45339e-08 -1.72274e-08 0
-9.59817e-10 -2.90492e-10 0
-3.27485e-08 6.34071e-09 0
-1.62123e-08 1.32446e-08 0
2.22135e-08 -3.49157e-08 1
-8.38152e-09 -2.63542e-08 0
1.79597e-09 6.02393e-09 0
-2.25334e-09 -1.02862e-09 0
-1.13206e-08 9.80785e-09 1
-2.28883e-08 -1.72907e-08 0
-2.97428e-08 -1.88255e-08 0
-1.5962e-08 2.71521e-09 0
7.06607e-09 -4.0211e-09 0
2.04432e-08 1.19648e-08 0
-1.26066e-08 -1.16594e-08 0
9.03235e-09 -1.25143e-08 0
-8.52587e-09 9.99689e-12 0
-7.12384e-09 -1.12286e-08 0
-9.98911e-10 -2.82071e-08 0
8.62048e-11 -8.76378e-10 0
-1.54019e-09 -4.84019e-09 0
-2.95615e-09 1.09219e-08 0
2.89311e-08 -2.78436e-08 0
-33.0767 -36.9316 0
-42.0519 -42.7554 0
-35.5707 -39.4661 0
-40.6269 -44.5871 1
-38.9044 -44.5565 0
-34.1226 -38.2342 0
-40.275 -44.9472 0
-34.1325 -37.1196 0
-33.7457 -38.6103 0
-41.877 -42.0548 0
-32.7196 -34.492 0
-30.5436 -35.714 0
-42.0519 -42.7554 0
-33.7457 -38.6103 0
-33.7684 -35.0628 0
-32.7513 -37.2614 0
-42.6489 -46.7006 0
-34.4875 -37.1622 0
-34.5236 -33.8924 0
-39.8591 -41.4442 0
-30.1159 -35.0162 1
-34.5414 -38.2663 0
-41.6784 -42.0419 0
-32.7513 -37.2614 0
-42.2335 -48.8087 0
-40.2284 -43.9625 0
-33.6615 -35.2862 1
-40.4103 -44.9765 0
-33.6615 -35.2862 1
-41.6784 -42.0419 0
-34.1325 -37.1196 0
-37.0942 -38.0509 0
-42.2237 -50.3481 0
-42.5737 -43.6681 0
-30.1159 -35.0162 1
-42.5762 -50.7487 0
-33.0117 -36.2085 0
-41.1093 -45.0853 1
-33.1324 -36.2089 0
-40.7855 -40.8978 0
-42.0325 -42.6629 0
-34.8464 -37.5568 0
-30.748 -36.2842 0
-34.4875 -37.1622 0
-37.1757 -36.9188 0
-33.7903 -37.9464 0
-42.164 -47.3036 0
-33.0117 -36.2085 0
-30.1108 -32.7628 0
-34.7218 -37.603 0
-33.8448 -36.9596 0
-29.6972 -33.4726 0
-37.9074 -45.2844 0
-34.7218 -37.603 0
-43.0795 -49.8356 0
-33.7903 -37.9464 0
-34.3736 -35.8144 0
-36.1479 -36.5143 0
-43.0795 -49.8356 0
-34.4429 -35.6264 0
-42.0719 -48.4226 0
-42.8215 -46.5631 0
-42.2146 -42.5786 0
-34.5414 -38.2663 0
-32.9387 -36.7931 0
-39.5398 -41.8829 0
-30.4506 -33.3957 0
-33.0767 -36.9316 0
-37.5236 -37.0969 0
-34.5048 -36.1145 0
-35.3394 -39.806 0
-40.1809 -41.71 0
-30.1108 -32.7628 0
-41.8962 -42.2109 0
-40.635 -45.0241 0
-29.9629 -32.8623 0
-30.4888 -32.4895 0
-41.8782 -42.0812 0
-40.8584 -44.7689 1
-37.5236 -37.0969 0
-33.7684 -35.0628 0
-41.8962 -42.2109 0
-33.1126 -36.102 0
-32.81 -34.6994 0
-38.9044 -44.5565 0
-30.2092 -35.4542 1
-32.7866 -34.306 0
-30.5436 -35.714 0
-41.664 -41.1182 0
-33.9341 -37.3333 0
-35.9546 -36.0808 0
-40.7331 -41.0225 0
-35.9546 -36.0808 0
-37.1757 -36.9188 0
-42.5737 -43.6681 0
-40.7331 -41.0225 0
-42.4216 -50.4439 0
-37.116 -38.0699 0
-33.9916 -37.9957 0
-32.3321 -36.0284 0
-6.21126e-09 -6.84512e-09 0
-3.89928e-09 -7.94474e-09 0
-3.06125e-09 -7.28992e-09 0
-1.17243e-09 -6.66114e-09 0
-7.86976e-09 -7.78191e-09 0
-6.3024e-09 -7.93748e-09 0
-5.73808e-09 -4.55516e-09 1
-4.0732e-09 -2.07543e-09 0
-1.94897e-09 -5.5576e-09 0
-1.29206e-09 -7.9638e-09 0
3.27536e-09 -5.18011e-09 0
-2.26281e-09 -5.46554e-09 0
4.09958e-10 -6.85833e-09 0
-3.93303e-09 -7.72301e-09 0
-1.36091e-09 -4.36532e-09 0
-6.21126e-09 -6.84512e-09 0
-3.26581e-09 -6.01715e-09 0
-2.99896e-09 -5.27464e-09 0
2.36447e-09 -3.41122e-09 0
-4.92499e-09 -7.75857e-09 0
-7.86976e-09 -7.78191e-09 0
-3.53485e-09 -6.19649e-09 0
-1.94897e-09 -5.5576e-09 0
3.13472e-10 -4.56979e-09 0
-7.47526e-09 -8.31552e-09 0
-5.63549e-09 -4.62384e-09 0
-4.49117e-10 -7.62343e-09 1
-2.23885e-09 -3.49422e-09 0
-2.88666e-09 -8.7816e-09 0
-3.53485e-09 -6.19649e-09 0
-5.33585e-09 -4.72929e-09 0
-6.61491e-09 -5.49914e-09 0
-4.13326e-09 -7.34119e-09 0
-7.34406e-09 -8.84437e-09 0
-6.99501e-09 -6.83833e-09 0
1.80562e-09 -4.20404e-09 0
-6.68512e-09 -4.37255e-09 0
-4.0732e-09 -2.07543e-09 0
-2.23885e-09 -3.49422e-09 0
-5.83982e-09 -4.13267e-09 1
-1.30144e-09 -6.93948e-09 0
-5.14858e-09 -2.18704e-09 0
4.20551e-09 -5.2029e-09 0
-3.47307e-11 -4.5413e-09 0
-5.17005e-09 -7.95282e-09 0
-1.16586e-09 -5.91997e-09 0
-4.56373e-09 -8.60942e-09 0
-2.16559e-09 -7.54219e-09 0
2.76791e-09 -5.41726e-09 0
-8.25169e-10 -6.41549e-09 0
-2.3327e-09 -7.34045e-09 0
-7.34406e-09 -8.84437e-09 0
-6.68512e-09 -4.37255e-09 0
-3.93303e-09 -7.72301e-09 0
-2.68821e-09 -7.65203e-09 0
-3.13217e-09 -2.35813e-09 0
2.21774e-09 -8.21718e-09 0
-3.89928e-09 -7.94474e-09 0
-3.46112e-09 -5.89099e-09 0
-5.83982e-09 -4.13267e-09 1
-2.26281e-09 -5.46554e-09 0
2.1118e-09 -6.45559e-09 0
-1.16586e-09 -5.91997e-09 0
3.68999e-09 -5.31608e-09 0
8.2153e-10 -7.38441e-09 0
5.40104e-10 -6.66658e-09 0
-2.94643e-09 -7.2799e-09 1
-5.63549e-09 -4.62384e-09 0
-4.72925e-09 -8.17194e-09 0
4.49264e-09 -4.77823e-09 0
-2.23296e-09 -8.09342e-09 0
-4.43148e-09 -7.00705e-09 0
-2.47787e-09 -3.95819e-09 0
-3.47307e-11 -4.5413e-09 0
2.96718e-10 -6.96125e-09 0
-2.09904e-09 -6.18157e-09 0
1.80562e-09 -4.20404e-09 0
-2.68821e-09 -7.65203e-09 0
-2.16559e-09 -7.54219e-09 0
-2.09904e-09 -6.18157e-09 0
4.49264e-09 -4.77823e-09 0
-4.72925e-09 -8.17194e-09 0
-8.99745e-10 -6.66906e-09 0
-3.71695e-09 -7.06826e-09 1
2.96179e-09 -5.12767e-09 0
-1.40318e-09 -3.02995e-09 0
-6.72967e-09 -8.97881e-09 0
4.09958e-10 -6.85833e-09 0
-1.31921e-09 -3.63626e-09 0
2.29707e-09 -8.25098e-09 0
-8.99745e-10 -6.66906e-09 0
-6.3024e-09 -7.93748e-09 0
-4.90337e-09 -6.66019e-09 0
-2.98055e-09 -6.53128e-09 0
-4.94624e-09 -7.85523e-09 0
2.41784e-09 -6.42105e-09 0
3.66468e-09 -5.48619e-09 0
-5.14858e-09 -2.18704e-09 0
-4.56373e-09 -8.60942e-09 0
-6.00467e-10 -6.07976e-09 0
2.69493e-08 -1.55219e-08 0
1.10297e-08 2.22306e-09 0
1.65863e-08 -7.48125e-09 0
-3.02548e-09 -3.87981e-09 0
3.59945e-09 1.02833e-08 0
-3.17959e-08 -2.07319e-08 0
6.38316e-09 -6.0316e-10 0
1.4041e-08 3.15389e-09 0
1.42325e-08 -3.26578e-09 0
1.69531e-08 -2.67318e-08 0
-1.7387e-08 -2.75943e-08 0
-8.32483e-09 -3.5308e-08 0
-1.99711e-08 -9.95902e-09 0
-5.25183e-09 -9.98848e-09 0
1.18166e-08 -1.13508e-08 0
-1.62166e-08 -4.11196e-09 0
-4.66168e-09 -1.87384e-08 0
1.30307e-08 -1.5946e-08 0
-2.1497e-08 -2.08748e-08 0
1.18858e-08 -3.12379e-09 0
-1.03435e-08 -1.14437e-08 0
-2.42272e-08 -4.81611e-09 0
-1.64639e-08 -4.25903e-09 0
9.68727e-10 -2.70642e-08 0
-2.47321e-08 -2.03904e-08 0
2.36509e-09 -1.79497e-08 0
1.20113e-08 1.62456e-08 0
-3.98803e-09 -9.03532e-09 0
-6.10876e-09 -2.91537e-08 0
4.11447e-09 -1.96455e-09 0
-6.79896e-10 -9.37631e-09 0
7.76089e-09 5.29605e-09 1
-1.87514e-09 -5.35981e-08 0
1.36826e-08 -1.76436e-08 0
-1.9227e-08 -1.06039e-08 0
-4.5647e-08 -3.57399e-08 0
1.3892e-08 -8.06034e-09 0
-3.66952e-09 1.15954e-08 0
6.34415e-09 1.31633e-09 0
-3.77298e-09 6.31404e-10 0
-1.07089e-08 -1.5877e-09 0
-4.36927e-09 -3.86908e-08 0
4.2942e-09 4.77816e-09 0
-1.79664e-08 -3.0808e-08 1
1.36314e-08 -1.40477e-08 0
-1.11182e-08 -9.4569e-09 0
-6.12706e-09 6.77386e-09 0
1.33131e-09 -2.80299e-08 0
1.29369e-08 -8.28248e-09 0
3.43864e-08 -1.1867e-08 0
1.1048e-08 -6.35718e-09 0
-6.81846e-09 -1.56402e-08 0
2.48122e-08 -1.08727e-08 0
2.83836e-08 -1.14548e-08 0
1.08703e-08 7.02006e-09 0
3.67812e-09 -9.15202e-09 0
2.28372e-09 6.32124e-09 0
-3.89138e-08 1.0946e-08 0
1.58832e-08 -1.00926e-08 0
2.65842e-09 1.20803e-08 1
1.83542e-08 -1.30479e-08 0
-4.5352e-09 -1.12249e-08 0
-1.0196e-08 -2.60028e-08 0
-2.8065e-08 -2.20463e-08 0
-4.91886e-08 -1.61857e-08 0
-6.80454e-09 3.73961e-10 0
-3.81095e-08 -1.39124e-08 0
2.55461e-09 5.82646e-09 0
6.40034e-09 6.22853e-09 0
5.97672e-10 -3.77305e-09 1
2.11497e-09 -1.29654e-08 0
5.83763e-10 -1.09799e-08 1
5.89506e-09 1.01748e-08 0
-1.43476e-09 1.55764e-08 0
2.377e-08 1.41705e-08 0
-1.14494e-08 -1.44213e-08 0
2.41152e-09 -1.23425e-08 0
-7.01995e-09 -2.09127e-08 0
-1.43456e-08 -6.46242e-09 0
-2.33163e-08 1.45731e-08 0
-8.30865e-09 -1.10623e-08 0
5.25732e-09 -2.38346e-08 0
8.60679e-09 8.74305e-09 0
-1.73253e-08 1.18675e-08 0
1.5895e-08 9.93399e-10 0
-1.27662e-08 -2.54538e-09 1
-3.86449e-09 -1.42349e-08 0
-1.38835e-08 -1.16069e-09 0
-3.68484e-09 1.16987e-08 0
4.7521e-09 -3.59123e-08 0
3.40249e-09 -2.23923e-09 0
-9.6664e-09 8.61375e-09 0
-1.05803e-08 -8.12066e-09 0
1.00617e-08 9.6266e-09 1
2.28649e-09 2.92675e-08 0
-2.52731e-08 -5.9891e-09 0
5.53622e-09 -1.98894e-08 0
1.06086e-09 2.71328e-09 0
-7.3492e-09 -2.32879e-08 0
1.99642e-08 2.38624e-08 0
0.00172 -0.00201144 0
0.00172 -0.00201144 1
0.00172 -0.00201144 0
0.00172 -0.00201143 0
0.00172 -0.00201143 0
0.00172001 -0.00201144 0
0.00172 -0.00201144 0
0.00172 -0.00201144 0
0.00172 -0.00201144 0
0.00172 -0.00201144 0
0.00172 -0.00201144 0
0.00172 -0.00201143 0
0.00172 -0.00201144 0
0.00172 -0.00201144 0
0.00172 -0.00201144 0
0.00172 -0.00201144 0
0.00172 -0.00201143 0
0.00172 -0.00201144 0
0.00172 -0.00201144 1
0.00172 -0.00201144 1
0.00172 -0.00201144 0
0.00172 -0.00201144 0
0.00172 -0.00201144 0
0.00172 -0.00201144 0
0.00172 -0.00201144 1
0.00172 -0.00201143 0
0.00172 -0.00201144 0
0.00172 -0.00201143 0
0.00172 -0.00201144 0
0.00172 -0.00201143 0
0.00172 -0.00201144 0
0.00172 -0.00201143 0
0.00172 -0.00201144 0
0.00172 -0.00201143 0
0.00172 -0.00201144 0
0.00172 -0.00201144 0
0.00172 -0.00201144 0
0.00172 -0.00201144 0
0.00172 -0.00201144 1
0.00172 -0.00201143 0
0.00172 -0.00201144 0
0.00172 -0.00201144 0
0.00172 -0.00201144 0
0.00172 -0.00201144 0
0.00172 -0.00201144 0
0.00172001 -0.00201144 0
0.00172 -0.00201143 0
0.00172 -0.00201144 0
0.00172 -0.00201143 0
0.00172 -0.00201144 0
0.00171999 -0.00201144 0
0.00172 -0.00201144 0
0.00172 -0.00201143 0
0.00172001 -0.00201144 0
0.00172 -0.00201143 0
0.00172 -0.00201144 0
0.00172 -0.00201144 0
0.00172 -0.00201144 0
0.00172 -0.00201143 0
0.00172 -0.00201144 0
0.00172 -0.00201144 0
0.00172 -0.00201144 0
0.00171999 -0.00201144 0
0.00172 -0.00201144 0
0.00172 -0.00201144 0
0.00172 -0.00201144 1
0.00172 -0.00201144 0
0.00172001 -0.00201144 0
0.00172 -0.00201143 0
0.00172 -0.00201144 0
0.00172001 -0.00201144 0
0.00172 -0.00201144 0
0.00172 -0.00201144 0
0.00172 -0.00201143 0
0.00172 -0.00201144 0
0.00172001 -0.00201144 0
0.00172 -0.00201144 0
0.00172 -0.00201144 0
0.00172001 -0.00201144 0
0.00172 -0.00201144 0
0.00172 -0.00201144 0
0.00172 -0.00201144 0
0.00172 -0.00201144 1
0.00172 -0.00201144 0
0.00172 -0.00201144 0
0.00172 -0.00201144 0
0.00172 -0.00201144 0
0.00172 -0.00201143 0
0.00172 -0.00201144 0
0.00172 -0.00201144 0
0.00172 -0.00201144 0
0.00172 -0.00201144 1
0.00172 -0.00201144 0
0.00172 -0.00201144 0
0.00172 -0.00201144 0
0.00172 -0.00201144 0
0.00172001 -0.00201144 0
0.00172 -0.00201144 0
0.00172 -0.00201144 0
0.00172 -0.00201144 0
0.00171997 -0.00201146 1
0.00172001 -0.00201145 0
0.00172 -0.00201145 0
0.00172001 -0.00201144 0
0.00172001 -0.00201144 0
0.00172 -0.00201145 0
0.00171998 -0.00201143 0
0.00172001 -0.00201144 1
0.00171998 -0.00201143 0
0.00172 -0.00201142 0
0.00172002 -0.00201141 0
0.00172002 -0.00201145 0
0.00172 -0.00201143 0
0.00171997 -0.00201146 0
0.00172002 -0.00201143 0
0.00171999 -0.00201145 0
0.00172003 -0.00201144 0
0.00172002 -0.00201143 0
0.00172002 -0.00201144 0
0.00172 -0.00201146 0
0.00172005 -0.00201143 0
0.00172 -0.00201143 0
0.00171995 -0.00201143 0
0.00171999 -0.00201144 0
0.00171995 -0.00201141 0
0.00171999 -0.00201144 0
0.00172 -0.00201143 0
0.00172 -0.00201146 0
0.00172001 -0.00201143 0
0.00172002 -0.00201145 0
0.00172001 -0.00201144 0
0.00172001 -0.00201147 0
0.00172006 -0.00201143 0
0.00172001 -0.00201144 0
0.00172001 -0.00201143 0
0.00172002 -0.00201145 0
0.00172 -0.00201145 0
0.00172004 -0.00201143 0
0.00171998 -0.00201144 0
0.00171999 -0.00201144 0
0.00172 -0.00201143 0
0.00172001 -0.00201145 0
0.00172 -0.00201146 0
0.00172002 -0.00201142 0
0.00171998 -0.00201145 0
0.00172 -0.00201144 0
0.00172001 -0.00201142 0
0.00171999 -0.00201142 0
0.00172 -0.00201144 0
0.00171999 -0.0020114 0
0.00172 -0.00201144 0
0.00172001 -0.00201147 0
0.00172 -0.00201142 0
0.00172003 -0.00201145 0
0.00172 -0.00201144 1
0.00171999 -0.00201145 0
0.00172001 -0.00201141 0
0.00172002 -0.00201143 0
0.00172002 -0.00201145 0
0.00171999 -0.00201146 0
0.00172001 -0.00201142 0
0.00172001 -0.00201145 0
0.00172 -0.00201143 0
0.00172 -0.00201144 0
0.00171999 -0.00201144 1
0.00172 -0.00201144 0
0.00171998 -0.00201145 0
0.00172 -0.00201141 1
0.00172 -0.00201142 0
0.00172 -0.00201143 0
0.00172001 -0.00201143 0
0.00171998 -0.00201145 0
0.00172002 -0.00201142 0
0.00172 -0.00201143 0
0.00171999 -0.00201143 0
0.00172001 -0.00201145 0
0.00172 -0.00201144 0
0.00171999 -0.00201145 0
0.00172001 -0.00201142 0
0.00172001 -0.00201142 0
0.00171999 -0.00201144 0
0.00171999 -0.00201143 0
0.00171999 -0.00201142 0
0.00171999 -0.00201145 0
0.00171998 -0.00201143 0
0.00171998 -0.00201143 0
0.00171999 -0.00201144 0
0.00172001 -0.00201144 0
0.00172001 -0.00201143 0
0.00171999 -0.00201143 0
0.00172 -0.00201142 0
0.00171999 -0.00201145 0
0.00172003 -0.00201143 0
0.00171999 -0.00201145 0
0.00172 -0.00201144 0
0.00171999 -0.00201146 0
0.00172001 -0.00201145 0
0.00172001 -0.00201144 0
0.00171999 -0.00201143 0
0.00172 -0.00201143 0
0.00506427 -0.00598909 0
0.00506427 -0.00598909 0
0.00506427 -0.00598909 1
0.00506427 -0.00598909 0
0.00506427 -0.00598909 0
0.00506428 -0.00598909 0
0.00506427 -0.00598909 0
0.00506427 -0.00598909 0
0.00506427 -0.00598909 0
0.00506428 -0.00598909 0
0.00506427 -0.00598909 0
0.00506428 -0.00598909 0
0.00506427 -0.00598909 0
0.00506427 -0.00598909 0
0.00506427 -0.00598909 0
0.00506427 -0.00598909 0
0.00506427 -0.00598909 0
0.00506427 -0.00598909 0
0.00506427 -0.00598909 0
0.00506427 -0.00598909 0
0.00506427 -0.00598909 0
0.00506427 -0.00598909 0
0.00506427 -0.00598909 0
0.00506428 -0.00598909 0
0.00506427 -0.00598909 0
0.00506427 -0.00598909 0
0.00506427 -0.00598909 0
0.00506427 -0.00598909 1
0.00506427 -0.00598909 0
0.00506427 -0.00598909 1
0.00506427 -0.00598909 0
0.00506427 -0.00598909 0
0.00506428 -0.00598909 0
0.00506428 -0.00598909 0
0.00506427 -0.00598909 0
0.00506428 -0.00598909 0
0.00506427 -0.00598909 1
0.00506427 -0.00598909 0
0.00506427 -0.00598909 0
0.00506427 -0.00598909 0
0.00506427 -0.00598909 0
0.00506427 -0.00598909 0
0.00506427 -0.00598909 0
0.00506428 -0.00598909 0
0.00506427 -0.00598909 0
0.00506427 -0.00598909 0
0.00506428 -0.00598909 0
0.00506427 -0.00598909 0
0.00506427 -0.00598909 1
0.00506427 -0.00598909 0
0.00506428 -0.00598909 0
0.00506427 -0.00598909 0
0.00506427 -0.00598909 0
0.00506427 -0.00598909 0
0.00506427 -0.00598909 0
0.00506427 -0.00598909 0
0.00506427 -0.00598909 0
0.00506427 -0.00598909 0
0.00506427 -0.00598909 0
0.00506428 -0.00598909 0
0.00506428 -0.00598909 0
0.00506427 -0.00598909 0
0.00506427 -0.00598909 0
0.00506427 -0.00598909 0
0.00506428 -0.00598909 0
0.00506427 -0.00598909 0
0.00506427 -0.00598909 0
0.00506427 -0.00598909 0
0.00506427 -0.00598909 0
0.00506428 -0.00598909 0
0.00506427 -0.00598909 0
0.00506427 -0.00598909 0
0.00506428 -0.00598909 0
0.00506427 -0.00598909 0
0.00506428 -0.00598909 0
0.00506427 -0.00598909 0
0.00506427 -0.00598909 0
0.00506427 -0.00598909 0
0.00506428 -0.00598909 0
0.00506427 -0.00598909 0
0.00506427 -0.00598909 0
0.00506428 -0.00598909 0
0.00506427 -0.00598909 1
0.00506428 -0.00598909 0
0.00506427 -0.00598909 0
0.00506427 -0.00598909 0
0.00506427 -0.00598909 0
0.00506427 -0.00598909 0
0.00506427 -0.00598909 0
0.00506428 -0.00598909 0
0.00506427 -0.00598909 0
0.00506427 -0.00598909 0
0.00506428 -0.00598909 0
0.00506427 -0.00598909 0
0.00506427 -0.00598909 0
0.00506427 -0.00598909 1
0.00506427 -0.00598909 0
0.00506427 -0.00598909 0
0.00506428 -0.00598909 0
0.00506427 -0.00598909 0
0.00506427 -0.00598909 0
0.00506427 -0.00598909 0
0.00506427 -0.00598909 0
0.00506427 -0.00598909 1
0.00506427 -0.00598909 0
0.00506427 -0.00598909 1
0.00506428 -0.00598909 0
0.00506427 -0.00598909 0
0.00506427 -0.00598909 0
0.00506427 -0.00598909 0
0.00506427 -0.00598909 0
0.00506428 -0.00598909 0
0.00506427 -0.00598909 0
0.00506427 -0.00598909 0
0.00506427 -0.00598909 1
0.00506427 -0.00598909 0
0.00506427 -0.00598909 0
0.00506427 -0.00598909 0
0.00506427 -0.00598909 0
0.00506427 -0.00598909 0
0.00506428 -0.00598909 0
0.00506427 -0.00598909 0
0.00506427 -0.00598909 0
0.00506427 -0.00598909 1
0.00506427 -0.00598909 0
0.00506428 -0.00598909 0
0.00506427 -0.00598909 0
0.00506427 -0.00598909 0
0.00506427 -0.00598909 0
0.00506428 -0.00598909 0
0.00506427 -0.00598909 0
0.00506427 -0.00598909 0
0.00506427 -0.00598909 0
0.00506428 -0.00598909 0
0.00506427 -0.00598909 0
0.00506427 -0.00598909 0
0.00506427 -0.00598909 0
0.00506427 -0.00598909 0
0.00506427 -0.00598909 0
0.00506427 -0.00598909 0
0.00506428 -0.00598909 0
0.00506428 -0.00598909 0
0.00506428 -0.00598909 0
0.00506428 -0.00598909 0
0.00506427 -0.00598909 1
0.00506427 -0.00598909 0
0.00506427 -0.00598909 0
0.00506427 -0.00598909 0
0.00506427 -0.00598909 0
0.00506427 -0.00598909 0
0.00506427 -0.00598909 0
0.00506427 -0.00598909 0
0.00506427 -0.00598909 0
0.00506427 -0.00598909 1
0.00506427 -0.00598909 0
0.00506427 -0.00598909 1
0.00506427 -0.00598909 0
0.00506427 -0.00598909 0
0.00506427 -0.00598909 0
0.00506427 -0.00598909 1
0.00506427 -0.00598909 0
0.00506428 -0.00598909 0
0.00506428 -0.00598909 0
0.00506428 -0.00598909 0
0.00506427 -0.00598909 0
0.00506428 -0.00598909 0
0.00506428 -0.00598909 0
0.00506427 -0.00598909 0
0.00506427 -0.00598909 0
0.00506427 -0.00598909 0
0.00506427 -0.00598909 0
0.00506427 -0.00598909 0
0.00506427 -0.00598909 0
0.00506427 -0.00598909 0
0.00506427 -0.00598909 0
0.00506427 -0.00598909 0
0.00506427 -0.00598909 0
0.00506427 -0.00598909 0
0.00506428 -0.00598909 0
0.00506427 -0.00598909 0
0.00506427 -0.00598909 0
0.00506428 -0.00598909 0
0.00506427 -0.00598909 0
0.00506427 -0.00598909 0
0.00506427 -0.00598909 0
0.00506427 -0.00598909 0
0.00506428 -0.00598909 0
0.00506428 -0.00598909 0
0.00506427 -0.00598909 0
0.00506428 -0.00598909 0
0.00506427 -0.00598909 0
0.00506428 -0.00598909 0
0.00506428 -0.00598909 0
0.00506428 -0.00598909 0
0.00506428 -0.00598909 0
0.00506428 -0.00598909 0
0.00506427 -0.00598909 0
0.00506427 -0.00598909 0
0.00506428 -0.00598909 0
0.00506427 -0.00598909 0
