9.80469e-09 -1.73531e-08 0
1.55439e-08 2.59661e-08 0
1.19506e-08 -5.99254e-10 0
-1.64746e-08 2.15051e-08 0
2.04055e-09 4.98763e-08 1
6.06188e-09 2.68916e-08 0
2.20502e-08 1.4177e-08 0
-3.1225e-08 1.65604e-08 0
8.53417e-09 1.69612e-08 0
-4.98211e-09 3.10887e-08 0
-2.86677e-08 -1.18486e-08 0
-2.11527e-09 4.8859e-08 0
3.72582e-10 2.1671e-08 0
-3.02601e-08 -3.69356e-09 0
1.77933e-08 6.32124e-09 0
-4.89251e-09 2.04913e-08 0
2.07738e-09 7.50375e-10 0
-3.49374e-09 3.82013e-08 0
2.46191e-08 -8.29913e-10 0
-6.50564e-09 2.55445e-08 0
-9.07838e-09 1.05575e-08 0
8.91416e-09 1.10675e-08 0
1.49336e-08 1.52226e-08 0
-1.86262e-09 1.6628e-09 0
1.80061e-08 3.35407e-08 0
-1.93392e-08 1.96662e-08 0
2.72502e-08 1.68383e-08 0
-9.36326e-09 2.88201e-08 0
9.89921e-09 3.70542e-08 0
1.43464e-08 1.37946e-08 0
-3.99407e-08 2.73801e-08 1
-9.7646e-09 9.55577e-09 0
-5.32386e-09 3.53271e-08 0
2.80671e-10 3.22989e-08 0
1.17376e-08 -8.34375e-09 0
7.31056e-09 2.56261e-08 0
1.29395e-08 -7.44163e-09 0
7.17769e-10 2.84692e-08 0
-7.21464e-10 2.8102e-08 1
-1.75081e-11 -7.36329e-09 0
-3.19467e-08 2.07325e-08 0
9.57528e-09 -1.04167e-08 0
-6.15487e-09 -5.36782e-09 1
-2.19875e-08 -1.02809e-08 0
-1.12623e-08 2.43884e-08 0
-1.14018e-08 8.99144e-09 0
7.3463e-09 3.14357e-08 0
1.09795e-08 2.17434e-08 0
-7.81296e-09 2.36263e-09 0
7.97676e-09 1.12685e-08 0
4.91939e-10 1.66391e-09 0
2.25942e-08 7.49527e-09 0
8.80214e-09 3.61936e-08 0
1.63399e-08 1.41819e-08 0
8.27728e-09 4.30499e-09 0
-1.94916e-08 -9.48458e-09 0
3.05502e-08 5.76237e-08 0
-2.53023e-08 2.39055e-10 0
8.30699e-09 1.5409e-08 1
1.36867e-08 2.78447e-08 0
1.47939e-08 1.98459e-08 0
1.73999e-08 1.09883e-08 0
-1.19696e-08 1.00526e-08 0
-3.48593e-09 6.65408e-09 0
4.30254e-09 -6.08711e-09 0
-1.05865e-08 -1.681e-08 0
1.93011e-08 4.10681e-08 0
-1.51484e-09 1.90943e-08 0
1.62947e-08 3.55196e-08 0
-2.6208e-08 4.06774e-08 0
1.12516e-08 2.05405e-08 0
1.2122e-08 -1.55422e-09 0
8.33042e-09 1.52751e-09 0
-1.76545e-08 2.41765e-08 0
-8.10051e-09 1.27719e-08 0
-1.35679e-08 2.71131e-08 0
1.6424e-08 7.13147e-09 0
2.50186e-08 8.04211e-09 0
8.42255e-09 -4.39585e-09 0
-9.07925e-09 1.9515e-09 0
1.11358e-08 9.99738e-09 0
-2.40921e-08 2.8691e-08 0
-2.81725e-08 1.92322e-08 0
-8.27514e-09 1.96253e-08 0
-8.44156e-09 4.00561e-09 0
-8.82321e-09 -6.59441e-09 0
-5.37161e-09 -1.31985e-08 0
1.79833e-09 1.29142e-08 0
3.70961e-08 2.90111e-08 0
-3.50512e-08 5.64775e-09 0
1.43381e-08 7.51398e-09 0
-1.28866e-08 9.14377e-09 0
1.65862e-10 -6.83814e-09 0
-4.1852e-08 2.31603e-08 1
-2.1114e-08 5.53119e-08 0
-4.03672e-10 7.00473e-10 0
-6.41227e-09 -3.65455e-09 0
1.25661e-08 3.29092e-08 1
-1.84945e-08 1.96798e-08 0
1.50708e-08 -1.74094e-09 0
15.532 -3.00943 0
20.9364 -10.3071 0
15.7753 -5.79958 0
13.6496 0.697896 0
19.8945 -3.84079 0
17.3085 -3.92047 0
17.446 -5.46217 0
15.3372 -3.23422 0
16.8508 -5.71594 0
20.566 -9.31886 0
16.5855 -2.53046 0
16.374 -3.15988 0
20.9364 -10.3071 0
16.8508 -5.71594 0
15.8627 -0.867909 0
15.7866 -2.96264 0
21.3322 -7.51844 0
15.2606 -3.5492 0
16.0267 -3.79665 0
19.5425 -8.6386 1
16.0099 -8.02049 0
18.1387 -7.76898 0
20.415 -9.09518 0
15.7866 -2.96264 0
15.5731 -0.920527 0
19.8247 -5.48965 0
16.0605 -3.62712 0
18.2752 -6.02547 0
16.0605 -3.62712 0
20.415 -9.09518 0
15.3372 -3.23422 0
16.0343 -3.43369 0
16.0154 0.462671 0
20.6627 -10.9988 0
16.0099 -8.02049 0
16.1334 0.457943 0
16.8041 -6.11248 0
14.1408 0.603333 0
16.9608 -6.36147 0
16.8348 -7.44295 0
20.7371 -10.2529 0
17.4419 -5.9222 0
16.6184 -3.1184 0
15.2606 -3.5492 0
14.9454 -3.30925 0
16.9828 -3.68336 0
14.2933 -2.34771 1
16.8041 -6.11248 0
15.0982 -2.48325 1
18.0288 -7.23532 0
17.1022 -3.62469 0
15.71 -3.3448 0
20.2456 -3.43441 0
18.0288 -7.23532 0
15.7155 -0.381247 0
16.9828 -3.68336 0
14.6481 -4.50333 0
16.0603 -1.45343 0
15.7155 -0.381247 0
16.1976 -3.50119 0
15.4442 -1.1076 0
21.1915 -7.33844 0
20.7169 -10.2989 0
18.1387 -7.76898 0
15.6626 -2.99187 0
17.8328 -8.04848 0
15.3842 -1.98201 1
15.532 -3.00943 0
15.2212 -3.02263 0
14.7796 -4.78621 0
15.6729 -5.9602 0
19.4745 -9.0403 1
15.0982 -2.48325 1
20.8133 -9.78508 0
17.847 -5.43987 0
14.964 -2.48335 1
15.5385 -2.9054 0
20.637 -9.20101 0
14.0246 0.659247 0
15.2212 -3.02263 0
15.8627 -0.867909 0
20.8133 -9.78508 0
16.7227 -6.05848 0
16.7171 -2.59251 0
19.8945 -3.84079 0
16.2169 -8.1302 0
16.5215 -2.6255 0
16.374 -3.15988 0
21.1057 -9.30037 0
16.8243 -3.56782 0
15.9951 -1.5725 0
16.8607 -7.54772 0
15.9951 -1.5725 0
14.9454 -3.30925 0
20.6627 -10.9988 0
16.8607 -7.54772 0
15.9994 0.562506 0
16.2835 -3.22232 0
17.1232 -3.87806 0
15.8763 -2.25251 0
3.27919e-09 1.13937e-08 0
4.53894e-09 8.43999e-09 0
3.54895e-09 8.71499e-09 0
5.01149e-09 1.38809e-08 0
3.87944e-09 1.22507e-08 0
3.34505e-09 1.24346e-08 0
-1.29959e-09 1.34824e-08 0
4.16675e-09 6.16069e-09 0
4.40713e-09 1.27388e-08 0
6.303e-09 1.49457e-08 0
3.12101e-09 1.58785e-08 0
3.70752e-09 5.46736e-09 0
-3.52513e-09 4.21775e-09 1
3.81161e-09 8.11369e-09 0
4.53525e-09 5.20221e-09 0
3.27919e-09 1.13937e-08 0
2.51485e-09 8.51158e-09 1
-5.93534e-10 1.10101e-08 0
4.35067e-09 1.17906e-08 0
5.17812e-09 1.28079e-08 0
3.87944e-09 1.22507e-08 0
2.66447e-09 1.08856e-08 0
4.40713e-09 1.27388e-08 0
4.426e-09 1.47305e-08 0
3.73638e-09 1.28827e-08 0
1.7468e-09 1.38113e-08 0
-1.37096e-09 7.91203e-09 0
3.05505e-09 9.93668e-09 0
6.58787e-09 1.42259e-08 0
2.66447e-09 1.08856e-08 0
2.31523e-09 1.35315e-08 0
3.02286e-09 1.3322e-08 0
3.2685e-09 7.52235e-09 0
4.10022e-09 1.29784e-08 0
1.09623e-09 9.91604e-09 0
4.5011e-09 1.28096e-08 0
2.36921e-09 1.23512e-08 0
4.16675e-09 6.16069e-09 0
3.05505e-09 9.93668e-09 0
-1.9036e-09 1.33706e-08 0
7.35656e-09 1.31186e-08 0
4.2847e-09 7.58148e-09 0
-2.33962e-09 8.93929e-09 0
7.70896e-09 1.6914e-08 0
1.36803e-09 9.47201e-09 0
1.14626e-10 1.11617e-08 0
4.74299e-09 1.21477e-08 0
5.51648e-09 1.51668e-08 0
7.34782e-09 1.78194e-08 1
6.40774e-09 1.76162e-08 0
5.47902e-09 1.62434e-08 0
4.10022e-09 1.29784e-08 0
2.36921e-09 1.23512e-08 0
3.81161e-09 8.11369e-09 0
5.45315e-09 1.62847e-08 0
9.66205e-09 7.5873e-09 0
3.5542e-09 1.91109e-08 0
4.53894e-09 8.43999e-09 0
-1.39227e-10 1.09456e-08 0
-1.9036e-09 1.33706e-08 0
3.70752e-09 5.46736e-09 0
-2.61931e-09 4.9579e-09 0
1.14626e-10 1.11617e-08 0
-2.74594e-09 9.76473e-09 0
-3.9329e-09 4.82161e-09 1
3.01214e-09 7.93314e-09 0
1.45286e-09 8.17546e-09 0
1.7468e-09 1.38113e-08 0
5.04727e-09 1.2395e-08 0
7.18149e-09 1.8659e-08 1
6.31408e-09 1.33556e-08 0
1.28879e-09 9.58996e-09 0
4.82327e-09 1.07183e-08 0
7.70896e-09 1.6914e-08 0
2.85417e-09 7.66863e-09 0
6.14722e-09 1.65903e-08 0
4.5011e-09 1.28096e-08 0
5.45315e-09 1.62847e-08 0
5.51648e-09 1.51668e-08 0
6.14722e-09 1.65903e-08 0
7.18149e-09 1.8659e-08 1
5.04727e-09 1.2395e-08 0
4.31693e-09 1.40366e-08 0
1.49842e-09 8.50673e-09 0
3.54592e-09 1.5169e-08 0
5.46658e-09 3.89559e-09 0
2.88374e-09 1.27707e-08 0
-3.52513e-09 4.21775e-09 1
4.51285e-09 1.09992e-08 0
3.60463e-09 1.84357e-08 0
4.31693e-09 1.40366e-08 0
3.34505e-09 1.24346e-08 0
1.99971e-09 8.98927e-09 0
3.96794e-09 8.50969e-09 1
1.48989e-09 9.25803e-09 0
-2.57569e-09 4.93265e-09 0
6.61177e-09 1.85229e-08 1
4.2847e-09 7.58148e-09 0
4.74299e-09 1.21477e-08 0
6.76176e-09 1.32551e-08 0
3.79823e-08 3.24654e-08 0
3.02263e-09 4.2621e-08 1
-2.28927e-09 1.58717e-08 0
4.58168e-09 6.68354e-09 0
2.42173e-08 -1.82135e-08 1
3.10589e-09 2.49507e-08 0
2.25285e-08 4.22316e-08 0
8.3686e-09 -9.89464e-09 1
-2.21568e-08 2.7545e-08 0
2.32275e-08 2.20007e-09 0
8.3309e-09 -3.93176e-09 0
1.83759e-08 1.34357e-08 0
3.56756e-08 1.74065e-08 0
-1.61003e-08 3.08132e-08 0
-1.00841e-08 2.85629e-08 0
2.33676e-09 -4.80183e-09 0
-1.60627e-08 7.03327e-09 0
-3.56404e-09 3.45295e-08 0
-2.16811e-08 5.5472e-09 0
8.77677e-09 3.15043e-08 0
-4.65509e-09 3.92816e-09 1
-5.59962e-09 4.38426e-08 0
-4.20931e-09 -3.0727e-08 0
-2.23672e-08 2.04189e-08 0
-1.20263e-08 -5.02535e-09 1
-2.02381e-08 1.50458e-08 0
-1.93428e-08 1.94855e-08 0
-2.30383e-08 -1.07197e-09 0
-1.69056e-08 2.12938e-08 0
2.97439e-10 -5.52518e-09 0
-2.80547e-08 5.98337e-09 1
8.33695e-09 -1.04647e-08 0
2.34417e-09 2.26554e-08 0
2.07715e-09 8.67429e-09 0
2.58244e-09 5.63873e-09 0
-1.11236e-08 3.24299e-08 0
6.02791e-09 3.11969e-08 1
6.84259e-09 5.52249e-08 0
-9.08089e-09 1.69311e-08 0
2.72887e-08 2.67981e-08 0
-3.51194e-10 6.4243e-09 0
-1.1781e-08 -2.59987e-08 0
1.19309e-08 2.04088e-08 0
-1.07006e-08 3.68772e-08 0
1.11077e-08 -2.58775e-10 0
-1.66559e-08 3.13726e-09 0
1.23926e-08 3.63422e-08 0
-1.48885e-08 1.5263e-08 0
-8.28243e-09 8.88739e-09 0
1.48293e-08 2.9514e-08 0
3.18495e-09 5.74048e-09 0
-6.20745e-09 -2.9842e-10 0
-5.29426e-09 9.0838e-09 0
-2.02387e-08 1.67494e-09 0
-6.9336e-09 1.81637e-08 0
-1.58674e-08 7.97009e-09 0
-2.07873e-08 3.43867e-09 0
2.9673e-08 4.07254e-08 0
-2.21816e-08 9.6922e-09 0
-2.84923e-09 2.72635e-08 0
-1.21822e-08 2.86355e-08 0
-1.86161e-08 1.12319e-08 0
4.30975e-09 4.57071e-09 0
-1.25363e-08 2.59243e-08 0
-1.69652e-08 2.74276e-08 0
2.86202e-08 2.58213e-08 0
4.88152e-08 2.13724e-08 0
-3.01502e-08 2.39169e-08 0
1.08055e-08 1.70155e-08 0
-1.1243e-08 1.05809e-08 0
1.67009e-09 -2.49729e-09 1
-1.53204e-08 2.62541e-08 0
1.0821e-08 7.79615e-09 0
2.00777e-09 1.56973e-08 0
-1.76211e-08 3.29036e-09 0
6.08911e-09 3.28268e-08 0
-4.43432e-09 2.04519e-08 0
4.84156e-09 2.59554e-08 0
-9.88577e-09 4.71822e-09 0
-1.15909e-08 -4.52029e-09 0
8.53645e-10 2.74545e-08 0
1.81763e-09 3.82446e-08 0
4.35475e-09 1.45125e-08 0
-1.09512e-08 9.93275e-09 0
9.38172e-09 3.23579e-08 0
6.14919e-10 6.46246e-09 0
1.2409e-08 6.73662e-09 0
3.61858e-08 3.81183e-10 0
1.51873e-08 1.3638e-08 0
9.20217e-09 1.47568e-08 0
-2.00213e-09 1.65073e-08 1
-2.68683e-09 -8.85046e-09 0
-1.00742e-08 -7.35615e-09 0
5.22042e-09 -8.19361e-09 0
-9.84956e-09 2.69523e-08 0
-2.31953e-08 9.70584e-09 0
1.76031e-08 -3.20939e-09 0
-2.02776e-08 1.82575e-08 0
-2.40043e-08 2.5913e-08 0
1.11526e-08 6.54151e-08 0
0.00164 -0.00185142 0
0.00164 -0.00185142 0
0.00164001 -0.00185142 0
0.00164001 -0.00185142 0
0.00164001 -0.00185142 0
0.00164001 -0.00185142 0
0.00164 -0.00185143 0
0.00164 -0.00185143 1
0.00164001 -0.00185142 0
0.00164 -0.00185142 0
0.00164001 -0.00185142 0
0.00164001 -0.00185142 0
0.00164 -0.00185142 0
0.00164001 -0.00185142 0
0.00164 -0.00185142 0
0.00164001 -0.00185142 0
0.00164001 -0.00185142 0
0.00164 -0.00185142 0
0.00164 -0.00185142 0
0.00164 -0.00185142 0
0.00164001 -0.00185142 0
0.00164001 -0.00185142 0
0.00164 -0.00185143 1
0.00164001 -0.00185142 0
0.00164 -0.00185142 0
0.00164 -0.00185142 0
0.00164001 -0.00185141 0
0.00164001 -0.00185142 0
0.00164001 -0.00185141 0
0.00164001 -0.00185143 0
0.00164 -0.00185142 1
0.00164001 -0.00185142 0
0.00164001 -0.00185142 0
0.00164001 -0.00185142 0
0.00164001 -0.00185142 0
0.00164001 -0.00185142 0
0.00164001 -0.00185141 0
0.00164001 -0.00185142 0
0.00164 -0.00185142 0
0.00164001 -0.00185142 0
0.00164 -0.00185143 1
0.00164 -0.00185142 0
0.00164 -0.00185142 0
0.00164001 -0.00185142 0
0.00164001 -0.00185142 0
0.00164 -0.00185142 0
0.00164001 -0.00185143 0
0.00164 -0.00185142 0
0.00164001 -0.00185142 0
0.00164001 -0.00185142 0
0.00164001 -0.00185142 0
0.00164001 -0.00185142 0
0.00164001 -0.00185142 0
0.00164 -0.00185142 0
0.00164 -0.00185142 0
0.00164001 -0.00185142 0
0.00164 -0.00185142 0
0.00164 -0.00185143 0
0.00164001 -0.00185142 0
0.00164001 -0.00185142 0
0.00164001 -0.00185142 0
0.00164 -0.00185142 0
0.00164001 -0.00185142 0
0.00164 -0.00185142 0
0.00164001 -0.00185142 0
0.00164 -0.00185142 0
0.00164001 -0.00185142 0
0.00164 -0.00185142 0
0.00164001 -0.00185142 0
0.00164 -0.00185142 0
0.00164001 -0.00185141 1
0.00164 -0.00185142 0
0.00164001 -0.00185141 0
0.00164001 -0.00185142 0
0.00164 -0.00185142 0
0.00164001 -0.00185142 0
0.00164001 -0.00185142 0
0.00164 -0.00185142 0
0.00164001 -0.00185141 1
0.00164 -0.00185143 1
0.00164001 -0.00185142 0
0.00164001 -0.00185142 0
0.00164 -0.00185142 0
0.00164001 -0.00185142 0
0.00164001 -0.00185142 1
0.00164001 -0.00185142 0
0.00164 -0.00185143 1
0.00164001 -0.00185142 0
0.00164 -0.00185142 0
0.00164 -0.00185142 0
0.00164 -0.00185143 1
0.00164 -0.00185142 0
0.00164001 -0.00185142 0
0.00164001 -0.00185142 0
0.00164 -0.00185142 0
0.00164001 -0.00185142 0
0.00164001 -0.00185141 1
0.00164001 -0.00185142 0
0.00164001 -0.00185141 0
0.00164001 -0.00185141 0
0.00164001 -0.0018514 0
0.00164004 -0.00185142 0
0.00164 -0.00185143 0
0.00163996 -0.00185143 0
0.00164 -0.00185141 0
0.00163999 -0.00185141 0
0.00164 -0.00185141 0
0.00163998 -0.00185144 0
0.00164002 -0.0018514 0
0.00164001 -0.00185144 0
0.00164002 -0.00185139 0
0.00164001 -0.00185141 0
0.00164001 -0.00185142 0
0.00164003 -0.0018514 0
0.00164 -0.00185141 0
0.00164 -0.0018514 0
0.00164 -0.0018514 0
0.00164001 -0.00185139 0
0.00164 -0.00185141 0
0.00164003 -0.00185143 0
0.00164004 -0.00185143 1
0.00164 -0.00185143 0
0.00164002 -0.0018514 0
0.00164 -0.00185142 0
0.00164003 -0.00185143 0
0.00163999 -0.0018514 0
0.00163999 -0.00185142 0
0.00163999 -0.00185145 0
0.00164 -0.00185146 0
0.00164002 -0.00185142 0
0.00163999 -0.00185144 0
0.00164002 -0.00185144 0
0.00164001 -0.0018514 0
0.00164 -0.00185142 0
0.00164001 -0.00185142 0
0.00164001 -0.00185145 0
0.00163999 -0.00185141 0
0.00163999 -0.00185141 0
0.00164002 -0.00185142 0
0.00164002 -0.00185143 0
0.00164 -0.00185141 0
0.00164002 -0.0018514 1
0.00164002 -0.00185142 0
0.00164001 -0.00185142 0
0.00164001 -0.00185139 1
0.00163999 -0.00185143 0
0.00163997 -0.00185142 0
0.00164 -0.0018514 0
0.00163998 -0.00185144 0
0.00164 -0.00185143 1
0.00164001 -0.00185138 0
0.00164 -0.0018514 0
0.00163998 -0.00185142 0
0.00163997 -0.00185141 0
0.00164001 -0.00185141 0
0.00164002 -0.00185143 0
0.00164001 -0.00185142 1
0.00164002 -0.00185142 0
0.00164001 -0.00185142 0
0.00164 -0.00185139 0
0.00163999 -0.0018514 1
0.00164003 -0.00185143 0
0.00164002 -0.00185142 0
0.00164001 -0.00185143 0
0.00163997 -0.00185141 0
0.00163999 -0.0018514 0
0.00164001 -0.0018514 0
0.00164002 -0.00185143 0
0.00164002 -0.00185141 0
0.00164003 -0.0018514 0
0.00163997 -0.00185139 0
0.00164002 -0.00185141 0
0.00164001 -0.00185142 0
0.00164 -0.00185143 0
0.00164 -0.00185141 0
0.00163999 -0.00185141 0
0.00163999 -0.00185145 0
0.00164001 -0.00185143 0
0.00164001 -0.00185144 0
0.00164001 -0.00185141 0
0.00164001 -0.00185139 0
0.00164002 -0.00185143 0
0.00164003 -0.00185141 0
0.00164001 -0.0018514 0
0.00164002 -0.00185142 0
0.00164001 -0.00185142 0
0.00164002 -0.0018514 0
0.00163999 -0.00185142 0
0.00164 -0.00185141 0
0.00163998 -0.00185141 0
0.00164001 -0.00185141 0
0.00164005 -0.00185139 0
0.00164 -0.00185143 0
0.00163999 -0.00185142 0
0.00164002 -0.00185142 0
0.00164001 -0.00185141 0
0.00164002 -0.00185145 0
0.00164002 -0.00185143 1
0.00163999 -0.00185143 0
0.00164002 -0.00185143 0
0.00483252 -0.0055254 0
0.00483252 -0.00552541 0
0.00483252 -0.00552541 0
0.00483252 -0.0055254 0
0.00483252 -0.00552541 0
0.00483251 -0.00552541 0
0.00483252 -0.00552541 0
0.00483252 -0.00552541 1
0.00483252 -0.00552541 0
0.00483252 -0.00552541 0
0.00483252 -0.0055254 0
0.00483252 -0.0055254 0
0.00483252 -0.00552541 0
0.00483252 -0.00552541 0
0.00483252 -0.00552541 0
0.00483252 -0.0055254 0
0.00483252 -0.0055254 0
0.00483252 -0.0055254 0
0.00483252 -0.00552541 0
0.00483252 -0.00552541 0
0.00483252 -0.0055254 0
0.00483252 -0.0055254 0
0.00483252 -0.0055254 0
0.00483251 -0.00552541 0
0.00483252 -0.0055254 0
0.00483252 -0.0055254 0
0.00483252 -0.00552541 1
0.00483252 -0.00552541 0
0.00483252 -0.00552541 0
0.00483252 -0.00552541 0
0.00483252 -0.0055254 0
0.00483252 -0.00552541 0
0.00483252 -0.0055254 1
0.00483252 -0.0055254 0
0.00483252 -0.0055254 0
0.00483252 -0.0055254 0
0.00483251 -0.0055254 0
0.00483252 -0.00552541 0
0.00483252 -0.00552541 0
0.00483252 -0.00552541 0
0.00483252 -0.00552541 0
0.00483252 -0.0055254 0
0.00483252 -0.0055254 0
0.00483252 -0.0055254 0
0.00483252 -0.0055254 0
0.00483252 -0.00552541 0
0.00483252 -0.0055254 0
0.00483252 -0.00552541 0
0.00483251 -0.00552541 0
0.00483252 -0.0055254 0
0.00483251 -0.00552541 0
0.00483252 -0.00552541 0
0.00483252 -0.0055254 0
0.00483252 -0.00552541 0
0.00483252 -0.00552541 0
0.00483252 -0.0055254 0
0.00483252 -0.00552541 0
0.00483252 -0.0055254 0
0.00483252 -0.00552541 0
0.00483251 -0.00552541 0
0.00483252 -0.0055254 0
0.00483252 -0.0055254 0
0.00483252 -0.0055254 0
0.00483252 -0.0055254 0
0.00483252 -0.0055254 0
0.00483252 -0.0055254 0
0.00483252 -0.00552541 0
0.00483252 -0.00552541 0
0.00483252 -0.0055254 0
0.00483251 -0.00552541 0
0.00483252 -0.00552541 0
0.00483252 -0.0055254 0
0.00483251 -0.00552541 0
0.00483252 -0.00552541 0
0.00483251 -0.00552541 0
0.00483252 -0.0055254 0
0.00483252 -0.00552541 0
0.00483252 -0.00552541 0
0.00483252 -0.0055254 0
0.00483252 -0.0055254 0
0.00483252 -0.0055254 0
0.00483252 -0.0055254 0
0.00483251 -0.00552541 0
0.00483251 -0.00552541 1
0.00483252 -0.0055254 0
0.00483252 -0.00552541 0
0.00483252 -0.00552541 0
0.00483252 -0.00552541 0
0.00483252 -0.0055254 0
0.00483252 -0.0055254 0
0.00483252 -0.00552541 0
0.00483252 -0.0055254 0
0.00483251 -0.00552541 0
0.00483252 -0.0055254 0
0.00483252 -0.00552541 0
0.00483251 -0.0055254 0
0.00483252 -0.0055254 0
0.00483252 -0.0055254 0
0.00483252 -0.0055254 0
0.00483252 -0.00552541 1
0.00483252 -0.0055254 0
0.00483252 -0.00552541 0
0.00483252 -0.00552541 0
0.00483252 -0.00552541 0
0.00483252 -0.0055254 0
0.00483251 -0.0055254 0
0.00483252 -0.0055254 0
0.00483252 -0.00552541 0
0.00483252 -0.0055254 0
0.00483252 -0.0055254 0
0.00483252 -0.0055254 0
0.00483252 -0.0055254 1
0.00483252 -0.00552541 0
0.00483252 -0.00552541 0
0.00483251 -0.0055254 0
0.00483252 -0.00552541 1
0.00483252 -0.00552541 0
0.00483252 -0.0055254 0
0.00483252 -0.00552541 0
0.00483252 -0.00552541 0
0.00483251 -0.00552541 1
0.00483252 -0.00552541 0
0.00483252 -0.00552541 0
0.00483251 -0.0055254 0
0.00483252 -0.00552541 0
0.00483252 -0.00552541 0
0.00483252 -0.0055254 0
0.00483252 -0.0055254 0
0.00483252 -0.0055254 0
0.00483252 -0.00552541 0
0.00483252 -0.00552541 0
0.00483252 -0.00552541 0
0.00483252 -0.00552541 0
0.00483252 -0.0055254 0
0.00483252 -0.0055254 0
0.00483252 -0.0055254 0
0.00483252 -0.00552541 0
0.00483252 -0.00552541 0
0.00483252 -0.00552541 0
0.00483252 -0.00552541 0
0.00483252 -0.0055254 1
0.00483252 -0.0055254 0
0.00483252 -0.00552541 0
0.00483252 -0.0055254 0
0.00483251 -0.0055254 0
0.00483252 -0.00552541 0
0.00483252 -0.00552541 0
0.00483252 -0.00552541 0
0.00483252 -0.00552541 0
0.00483252 -0.00552541 0
0.00483252 -0.00552541 0
0.00483252 -0.00552541 0
0.00483252 -0.00552541 0
0.00483251 -0.00552541 0
0.00483252 -0.00552541 0
0.00483251 -0.00552541 0
0.00483252 -0.00552541 0
0.00483252 -0.0055254 0
0.00483252 -0.00552541 0
0.00483251 -0.00552541 0
0.00483252 -0.0055254 0
0.00483252 -0.0055254 0
0.00483252 -0.0055254 0
0.00483251 -0.00552541 0
0.00483252 -0.00552541 0
0.00483252 -0.0055254 0
0.00483252 -0.0055254 0
0.00483252 -0.00552541 0
0.00483252 -0.0055254 0
0.00483252 -0.0055254 0
0.00483252 -0.00552541 0
0.00483252 -0.00552541 0
0.00483252 -0.00552541 0
0.00483252 -0.00552541 0
0.00483252 -0.0055254 0
0.00483252 -0.00552541 0
0.00483252 -0.0055254 0
0.00483252 -0.0055254 0
0.00483252 -0.00552541 0
0.00483252 -0.00552541 0
0.00483252 -0.00552541 0
0.00483252 -0.0055254 1
0.00483252 -0.00552541 0
0.00483252 -0.0055254 0
0.00483252 -0.00552541 0
0.00483252 -0.00552541 0
0.00483251 -0.00552541 0
0.00483252 -0.00552541 0
0.00483252 -0.0055254 0
0.00483252 -0.00552541 0
0.00483252 -0.00552541 0
0.00483251 -0.00552541 0
0.00483251 -0.00552541 0
0.00483251 -0.00552541 1
0.00483252 -0.00552541 0
0.00483252 -0.0055254 0
0.00483252 -0.0055254 0
0.00483252 -0.00552541 0
0.00483252 -0.0055254 1
0.00483252 -0.0055254 0
