117
234
351
468
585
702
819
936
1053
1170
1287
1404
1521
1638
1755
1872
1989
2106
2223
2340
2457
2574
2691
2808
2925
3042
3159
3276
3393
3510
3627
3744
3861
3978
4095
4212
4329
4446
4563
4680
4797
4914
5031
5148
5265
5382
5499
5616
5733
5850
5967
6084
6201
6318
6435
6552
6669
6786
6903
7020
7137
7254
7371
7488
7605
7722
7839
7956
8073
8190
8307
8424
8541
8658
8775
8892
9009
9126
9243
9360
9477
9594
9711
9828
9945
10062
10179
10296
10413
10530
10647
10764
10881
10998
11115
11232
11349
11466
11583
11700
[51, 57, 82, 95]
